2016-12-07,18.200001,18.40,17.85,18.35,184100,18.35
2016-12-06,18.10,18.129999,17.549999,18.049999,238100,18.049999
2016-12-05,17.549999,18.15,17.450001,18.10,316600,18.10
2016-12-02,17.40,17.60,17.10,17.450001,196000,17.450001
2016-12-01,16.950001,17.50,16.50,17.50,170200,17.50
2016-11-30,17.299999,17.299999,16.799999,17.00,146300,17.00
2016-11-29,17.200001,17.40,17.200001,17.299999,168500,17.299999
2016-11-28,17.299999,17.299999,16.950001,17.10,137300,17.10
2016-11-25,17.35,17.450001,17.23,17.40,44300,17.40
2016-11-23,17.35,17.450001,17.18,17.450001,103100,17.450001
2016-11-22,17.00,17.35,16.90,17.25,144300,17.25
2016-11-21,16.799999,17.00,16.65,16.90,132500,16.90
2016-11-18,16.799999,16.85,16.450001,16.799999,597000,16.799999
2016-11-17,16.60,16.90,16.40,16.700001,236900,16.700001
2016-11-16,16.450001,16.85,16.25,16.549999,212400,16.549999
2016-11-15,16.65,16.65,15.75,16.450001,200300,16.450001
2016-11-14,16.799999,16.90,16.200001,16.75,205700,16.75
2016-11-11,16.549999,16.90,16.50,16.65,388700,16.65
2016-11-10,16.25,16.60,16.25,16.50,274800,16.50
2016-11-09,15.35,16.200001,14.91,16.15,238900,16.15
2016-11-08,15.50,15.65,15.50,15.55,155800,15.55
2016-11-07,15.65,15.85,15.55,15.70,151400,15.63
2016-11-04,15.50,15.70,15.50,15.55,207900,15.480669
2016-11-03,15.50,15.75,15.45,15.55,195500,15.480669
2016-11-02,15.75,15.95,15.50,15.50,201600,15.430892
2016-11-01,15.95,16.10,15.65,15.75,170800,15.679777
2016-10-31,16.15,16.15,15.80,15.85,308700,15.779331
2016-10-28,14.60,16.049999,14.40,16.00,462100,15.928662
2016-10-27,14.25,14.70,14.25,14.45,152000,14.385573
2016-10-26,14.35,14.53,14.10,14.25,148400,14.186465
2016-10-25,14.85,14.85,14.35,14.45,84700,14.385573
2016-10-24,14.60,15.00,14.60,14.90,118200,14.833566
2016-10-21,14.75,14.85,14.60,14.65,160300,14.584681
2016-10-20,14.70,14.90,14.55,14.80,186200,14.734013
2016-10-19,14.40,14.80,14.40,14.80,160200,14.734013
2016-10-18,14.30,14.53,14.15,14.35,201400,14.286019
2016-10-17,14.05,14.20,14.00,14.00,75100,13.93758
2016-10-14,14.02,14.14,13.95,14.08,77700,14.017223
2016-10-13,14.04,14.15,13.99,14.00,97500,13.93758
2016-10-12,14.03,14.25,13.93,14.10,201700,14.037134
2016-10-11,14.10,14.19,13.95,13.99,272400,13.927624
2016-10-10,14.07,14.15,13.99,14.06,97900,13.997312
2016-10-07,14.00,14.06,13.99,14.00,115400,13.93758
2016-10-06,14.00,14.09,13.99,14.02,173100,13.957491
2016-10-05,14.13,14.13,14.00,14.02,173500,13.957491
2016-10-04,14.10,14.10,13.99,14.04,143500,13.977401
2016-10-03,13.94,14.08,13.74,14.02,189500,13.957491
2016-09-30,14.11,14.20,14.03,14.12,195900,14.057044
2016-09-29,14.55,14.55,14.06,14.07,205100,14.007267
2016-09-28,14.96,14.96,14.55,14.56,245400,14.495083
2016-09-27,14.95,15.06,14.95,15.02,222800,14.953032
2016-09-26,15.26,15.28,14.98,14.98,240200,14.91321
2016-09-23,15.12,15.30,15.05,15.26,263900,15.191962
2016-09-22,15.06,15.25,15.03,15.21,425200,15.142185
2016-09-21,14.91,15.01,14.86,15.00,218500,14.933121
2016-09-20,15.03,15.23,14.85,14.85,252200,14.78379
2016-09-19,15.06,15.19,15.00,15.04,331500,14.972943
2016-09-16,15.21,15.21,14.94,14.95,747900,14.883344
2016-09-15,15.03,15.18,15.01,15.18,174300,15.112319
2016-09-14,15.05,15.10,14.98,15.02,218200,14.953032
2016-09-13,15.05,15.13,14.91,14.99,263100,14.923165
2016-09-12,15.05,15.21,15.00,15.17,241500,15.102363
2016-09-09,15.28,15.34,15.07,15.08,531200,15.012764
2016-09-08,15.71,15.79,15.24,15.27,336700,15.201918
2016-09-07,15.57,15.79,15.52,15.67,322100,15.600134
2016-09-06,15.89,15.89,15.32,15.51,352400,15.440847
2016-09-02,14.96,15.79,14.84,15.73,939400,15.659866
2016-09-01,15.01,15.01,14.81,14.96,234100,14.893299
2016-08-31,14.90,15.04,14.90,14.96,298200,14.893299
2016-08-30,14.96,15.03,14.96,14.97,136200,14.903255
2016-08-29,15.14,15.15,15.00,15.01,171400,14.943077
2016-08-26,15.31,15.34,15.00,15.07,230200,15.002809
2016-08-25,15.05,15.40,15.03,15.29,236900,15.221828
2016-08-24,15.14,15.21,15.00,15.03,241000,14.962987
2016-08-23,15.07,15.23,15.01,15.18,190900,15.112319
2016-08-22,14.94,15.24,14.94,15.07,196500,15.002809
2016-08-19,15.15,15.15,14.96,14.97,224000,14.903255
2016-08-18,15.05,15.20,15.05,15.16,150300,15.092407
2016-08-17,14.97,15.08,14.95,15.01,189300,14.943077
2016-08-16,15.13,15.50,14.98,15.00,281900,14.933121
2016-08-15,15.03,15.27,15.03,15.11,249800,15.04263
2016-08-12,15.12,15.22,15.01,15.06,124000,14.992854
2016-08-11,15.13,15.25,15.10,15.12,163900,15.052586
2016-08-10,15.04,15.13,15.00,15.06,177800,14.992854
2016-08-09,14.97,15.16,14.97,15.06,177600,14.992854
2016-08-08,15.05,15.18,15.05,15.06,137700,14.923166
2016-08-05,14.94,15.22,14.94,15.10,169100,14.962802
2016-08-04,15.19,15.22,14.93,14.94,201900,14.804255
2016-08-03,14.98,15.24,14.88,15.13,247300,14.99253
2016-08-02,15.59,15.59,14.93,14.94,383000,14.804255
2016-08-01,15.93,15.96,15.41,15.65,276100,15.507804
2016-07-29,15.73,16.440001,15.43,15.97,639300,15.824898
2016-07-28,15.29,15.56,15.29,15.56,280000,15.418623
2016-07-27,15.25,15.41,15.07,15.35,380100,15.210531
2016-07-26,15.84,15.93,15.05,15.24,409700,15.10153
2016-07-25,15.94,16.23,15.86,16.16,346500,16.013171
2016-07-22,15.80,16.040001,15.75,15.94,318900,15.795169
2016-07-21,15.72,15.88,15.64,15.82,164700,15.67626
2016-07-20,15.91,15.98,15.75,15.77,178300,15.626715
2016-07-19,15.75,15.93,15.68,15.85,257500,15.705988
2016-07-18,15.83,15.94,15.71,15.72,175500,15.577169
2016-07-15,15.98,15.98,15.75,15.77,127300,15.626715
2016-07-14,16.02,16.110001,15.89,15.91,210700,15.765442
2016-07-13,16.01,16.01,15.79,15.97,326400,15.824898
2016-07-12,16.17,16.219999,15.97,15.98,406500,15.834806
2016-07-11,16.030001,16.209999,15.96,16.120001,222900,15.973535
2016-07-08,15.80,16.129999,15.80,15.99,177200,15.844715
2016-07-07,15.87,16.040001,15.71,15.75,171700,15.606896
2016-07-06,15.83,16.00,15.67,15.87,244600,15.725806
2016-07-05,15.91,15.98,15.76,15.87,259200,15.725806
2016-07-01,16.01,16.139999,15.70,15.99,187100,15.844715
2016-06-30,16.040001,16.040001,15.70,15.95,434800,15.805079
2016-06-29,15.92,16.129999,15.91,16.07,145100,15.923988
2016-06-28,15.83,16.040001,15.75,15.78,208800,15.636623
2016-06-27,16.02,16.02,15.73,15.82,304000,15.67626
2016-06-24,15.90,16.370001,15.83,16.17,712100,16.02308
2016-06-23,16.48,16.60,16.32,16.379999,206700,16.231171
2016-06-22,16.57,16.60,16.389999,16.450001,215000,16.300537
2016-06-21,16.809999,16.99,16.42,16.58,187300,16.429355
2016-06-20,17.07,17.18,16.73,16.74,202900,16.587901
2016-06-17,16.60,17.040001,16.48,16.99,410300,16.835629
2016-06-16,16.67,16.82,16.459999,16.639999,295200,16.488809
2016-06-15,16.83,16.940001,16.68,16.700001,187400,16.548265
2016-06-14,16.76,16.969999,16.73,16.84,144100,16.686993
2016-06-13,16.959999,17.139999,16.75,16.82,154400,16.667174
2016-06-10,16.950001,17.43,16.860001,16.889999,116900,16.736538
2016-06-09,17.02,17.219999,16.98,17.08,166700,16.924812
2016-06-08,16.969999,17.110001,16.879999,17.00,166300,16.845539
2016-06-07,16.98,17.25,16.889999,16.940001,186000,16.786084
2016-06-06,16.969999,17.43,16.799999,17.00,193000,16.845539
2016-06-03,17.10,17.43,16.90,16.959999,169100,16.805901
2016-06-02,16.91,17.379999,16.84,17.16,227100,17.004085
2016-06-01,16.59,17.049999,16.540001,17.00,856800,16.845539
2016-05-31,16.77,17.00,16.290001,16.610001,431800,16.459083
2016-05-27,16.68,17.16,16.68,16.969999,170700,16.815811
2016-05-26,16.780001,17.030001,16.719999,16.73,224500,16.577992
2016-05-25,16.76,16.940001,16.59,16.74,187800,16.587901
2016-05-24,16.43,16.889999,16.379999,16.76,201300,16.60772
2016-05-23,16.60,16.77,16.26,16.379999,226000,16.231171
2016-05-20,16.459999,16.65,16.26,16.610001,245800,16.459083
2016-05-19,16.459999,16.59,16.26,16.360001,197800,16.211354
2016-05-18,16.440001,16.790001,16.15,16.57,222800,16.419445
2016-05-17,16.66,16.82,16.42,16.51,261600,16.359991
2016-05-16,16.780001,16.950001,16.690001,16.74,165400,16.587901
2016-05-13,16.940001,17.15,16.780001,16.809999,212200,16.657265
2016-05-12,16.74,17.07,16.74,17.00,264500,16.845539
2016-05-11,17.299999,17.620001,16.620001,16.65,314200,16.498719
2016-05-10,17.190001,17.48,17.07,17.389999,271200,17.231995
2016-05-09,16.709999,17.23,16.709999,17.16,275800,16.934721
2016-05-06,16.719999,16.85,16.469999,16.639999,344100,16.421547
2016-05-05,16.83,16.93,16.68,16.82,235700,16.599184
2016-05-04,16.540001,17.00,16.540001,16.85,233100,16.628791
2016-05-03,16.66,16.889999,16.559999,16.690001,292100,16.470892
2016-05-02,15.97,17.049999,15.97,16.780001,446000,16.55971
2016-04-29,16.24,16.530001,15.81,15.88,493000,15.671525
2016-04-28,18.49,18.49,16.139999,16.209999,483400,15.997192
2016-04-27,17.74,17.75,17.379999,17.629999,177600,17.39855
2016-04-26,17.60,17.85,17.32,17.82,146500,17.586056
2016-04-25,17.59,17.68,17.469999,17.530001,132600,17.299864
2016-04-22,17.23,17.620001,17.200001,17.58,201400,17.349207
2016-04-21,17.629999,17.639999,17.35,17.370001,240500,17.141965
2016-04-20,17.67,17.690001,17.40,17.559999,181700,17.329469
2016-04-19,18.01,18.030001,17.540001,17.60,166200,17.368945
2016-04-18,17.860001,18.09,17.77,18.049999,135600,17.813036
2016-04-15,17.780001,18.030001,17.780001,17.84,128800,17.605794
2016-04-14,17.879999,17.879999,17.74,17.85,136700,17.615663
2016-04-13,17.780001,17.959999,17.690001,17.879999,227800,17.645268
2016-04-12,17.790001,18.01,17.67,17.73,170500,17.497237
2016-04-11,18.00,18.360001,17.790001,17.85,248400,17.615663
2016-04-08,17.77,17.99,17.65,17.93,197300,17.694612
2016-04-07,17.93,18.10,17.610001,17.719999,325600,17.487368
2016-04-06,17.940001,18.209999,17.889999,18.07,233700,17.832774
2016-04-05,17.780001,17.99,17.75,17.879999,360500,17.645268
2016-04-04,18.459999,18.549999,17.940001,17.98,261700,17.743955
2016-04-01,18.32,18.58,18.110001,18.459999,259400,18.217653
2016-03-31,18.50,18.66,18.280001,18.41,701800,18.16831
2016-03-30,18.469999,18.780001,18.34,18.450001,371000,18.207786
2016-03-29,17.90,18.58,17.690001,18.48,554000,18.237391
2016-03-28,17.65,18.07,17.540001,17.940001,888600,17.704481
2016-03-24,17.41,17.66,17.34,17.530001,301900,17.299864
2016-03-23,17.559999,17.719999,17.42,17.530001,243700,17.299864
2016-03-22,17.620001,17.92,17.48,17.66,240600,17.428157
2016-03-21,17.67,17.90,17.43,17.77,292300,17.536713
2016-03-18,17.99,18.00,17.719999,17.76,498900,17.526844
2016-03-17,17.610001,17.98,17.469999,17.92,327100,17.684743
2016-03-16,17.129999,17.76,16.93,17.67,745000,17.438025
2016-03-15,16.870001,17.190001,16.870001,17.190001,1124900,16.964327
2016-03-14,17.23,17.34,16.84,16.870001,392300,16.648529
2016-03-11,17.309999,17.42,17.059999,17.280001,239100,17.053146
2016-03-10,17.60,17.67,17.23,17.24,244700,17.01367
2016-03-09,17.85,17.85,17.360001,17.440001,324200,17.211045
2016-03-08,17.48,17.889999,17.459999,17.67,380800,17.438025
2016-03-07,17.34,17.68,17.309999,17.530001,227700,17.299864
2016-03-04,17.48,17.77,16.52,17.52,335800,17.289995
2016-03-03,17.51,17.610001,17.309999,17.559999,182900,17.329469
2016-03-02,17.620001,17.77,17.469999,17.48,281900,17.250519
2016-03-01,17.620001,17.83,17.49,17.60,645900,17.368945
2016-02-29,16.98,17.700001,16.969999,17.57,749600,17.339338
2016-02-26,16.950001,16.969999,16.629999,16.790001,242500,16.569579
2016-02-25,16.969999,16.969999,16.629999,16.85,248300,16.628791
2016-02-24,16.879999,16.969999,16.77,16.91,159200,16.688003
2016-02-23,16.780001,17.09,16.639999,16.99,384400,16.766952
2016-02-22,17.23,17.23,16.82,16.85,188000,16.55971
2016-02-19,16.879999,17.23,16.43,17.110001,422700,16.815231
2016-02-18,17.059999,17.280001,16.84,16.91,227300,16.618676
2016-02-17,16.76,17.26,16.690001,17.09,424400,16.795576
2016-02-16,16.15,16.75,16.129999,16.73,348300,16.441777
2016-02-12,16.17,16.59,15.62,16.18,469000,15.901253
2016-02-11,15.21,15.47,14.90,15.43,330500,15.164174
2016-02-10,15.40,15.71,15.36,15.38,235500,15.115035
2016-02-09,15.34,15.66,14.96,15.32,365300,15.056068
2016-02-08,15.50,15.68,15.00,15.41,787900,15.144518
2016-02-05,16.129999,16.23,15.66,15.67,487000,15.400039
2016-02-04,15.98,16.209999,15.91,16.129999,291700,15.852113
2016-02-03,16.299999,16.50,15.87,16.059999,252200,15.78332
2016-02-02,16.370001,16.559999,16.200001,16.23,282000,15.950391
2016-02-01,16.18,16.52,16.139999,16.469999,266600,16.186256
2016-01-29,15.97,16.290001,15.86,16.25,386900,15.970047
2016-01-28,16.16,16.190001,15.95,15.97,218800,15.694871
2016-01-27,16.35,16.42,16.00,16.040001,198000,15.763666
2016-01-26,16.35,16.59,16.209999,16.360001,569400,16.078152
2016-01-25,16.33,16.459999,16.139999,16.309999,345300,16.029013
2016-01-22,16.01,16.48,15.99,16.299999,171400,16.019185
2016-01-21,15.86,16.059999,15.69,15.89,335700,15.616249
2016-01-20,15.92,16.15,15.42,15.88,450100,15.606421
2016-01-19,16.049999,16.50,15.85,16.10,351200,15.822631
2016-01-15,15.73,16.01,15.46,15.90,384400,15.626076
2016-01-14,16.09,16.32,15.79,16.08,393200,15.802975
2016-01-13,16.450001,16.50,15.98,16.049999,243500,15.773492
2016-01-12,16.18,16.40,16.07,16.389999,236300,16.107634
2016-01-11,15.94,16.24,15.94,16.139999,350300,15.861941
2016-01-08,15.89,16.08,15.75,15.85,443300,15.576938
2016-01-07,15.63,16.120001,15.63,15.91,287600,15.635904
2016-01-06,15.79,16.389999,15.79,15.90,279200,15.626076
2016-01-05,15.53,16.08,15.46,16.00,230300,15.724354
2016-01-04,15.74,15.75,15.01,15.44,296200,15.174001
2015-12-31,16.299999,16.299999,15.92,15.92,138100,15.645732
2015-12-30,16.16,16.41,16.07,16.309999,144000,16.029013
2015-12-29,16.15,16.309999,16.07,16.200001,128200,15.920909
2015-12-28,16.00,16.17,16.00,16.139999,107400,15.861941
2015-12-24,16.00,16.24,16.00,16.049999,67100,15.773492
2015-12-23,16.059999,16.15,15.96,16.030001,242500,15.753838
2015-12-22,16.16,16.200001,15.90,16.00,223100,15.724354
2015-12-21,16.10,16.190001,15.91,16.18,118900,15.901253
2015-12-18,16.110001,16.24,15.84,16.02,874100,15.74401
2015-12-17,16.34,16.35,16.00,16.110001,228400,15.832459
2015-12-16,16.33,16.389999,16.110001,16.24,253100,15.960219
2015-12-15,16.27,16.379999,16.15,16.290001,141600,16.009359
2015-12-14,16.09,16.280001,16.049999,16.15,229200,15.871769
2015-12-11,16.41,16.639999,15.98,16.110001,236200,15.832459
2015-12-10,16.68,16.82,16.49,16.65,112400,16.363155
2015-12-09,17.00,17.25,16.68,16.76,115900,16.471261
2015-12-08,16.99,17.15,16.75,17.110001,123700,16.815231
2015-12-07,17.059999,17.25,16.73,17.030001,180900,16.73661
2015-12-04,16.90,17.219999,16.629999,17.01,164200,16.716954
2015-12-03,17.23,17.43,16.790001,16.879999,172100,16.589192
2015-12-02,17.07,17.370001,16.870001,17.23,143700,16.933163
2015-12-01,17.280001,17.40,17.08,17.110001,155700,16.815231
2015-11-30,17.52,17.620001,17.23,17.25,168000,16.952819
2015-11-27,17.360001,17.57,17.219999,17.40,58300,17.100234
2015-11-25,17.219999,17.42,17.059999,17.389999,125800,17.090406
2015-11-24,17.15,17.299999,16.959999,17.23,106500,16.933163
2015-11-23,17.16,17.370001,17.040001,17.280001,126500,16.982303
2015-11-20,17.110001,17.34,16.90,17.24,119200,16.942991
2015-11-19,16.91,17.200001,16.77,17.059999,219100,16.766092
2015-11-18,17.01,17.059999,16.50,16.870001,194100,16.579366
2015-11-17,16.77,17.059999,16.530001,16.889999,242500,16.59902
2015-11-16,16.379999,16.879999,16.379999,16.780001,370000,16.43195
2015-11-13,16.58,16.799999,16.43,16.450001,217900,16.108795
2015-11-12,16.889999,17.040001,16.74,16.780001,168100,16.43195
2015-11-11,16.91,17.32,16.889999,17.030001,150800,16.676764
2015-11-10,16.57,17.00,16.57,16.91,280500,16.559253
2015-11-09,16.73,16.74,16.51,16.58,179700,16.236098
2015-11-06,16.40,16.75,16.139999,16.73,253400,16.382986
2015-11-05,16.030001,16.50,15.93,16.49,234700,16.147964
2015-11-04,16.16,16.25,15.88,15.97,206800,15.638751
2015-11-03,16.280001,16.34,16.129999,16.18,300200,15.844395
2015-11-02,15.60,16.440001,15.56,16.370001,428300,16.030454
2015-10-30,15.55,15.83,15.02,15.51,370500,15.188292
2015-10-29,15.76,15.83,15.26,15.44,142700,15.119743
2015-10-28,15.42,15.92,15.33,15.90,230200,15.570202
2015-10-27,15.84,15.90,15.32,15.35,114500,15.031611
2015-10-26,15.66,15.89,15.66,15.83,94800,15.501654
2015-10-23,15.62,15.74,15.49,15.64,111800,15.315595
2015-10-22,15.28,15.57,15.11,15.49,111600,15.168706
2015-10-21,15.62,15.62,15.21,15.23,112400,14.914099
2015-10-20,15.72,15.77,15.54,15.61,95800,15.286217
2015-10-19,15.44,15.72,15.44,15.69,213200,15.364558
2015-10-16,15.45,15.58,15.31,15.49,123800,15.168706
2015-10-15,15.04,15.44,14.92,15.44,275200,15.119743
2015-10-14,15.40,15.40,15.05,15.07,117800,14.757418
2015-10-13,15.60,15.71,15.39,15.42,156700,15.100158
2015-10-12,15.68,15.83,15.37,15.59,274400,15.266632
2015-10-09,16.25,16.25,15.91,16.00,145500,15.668128
2015-10-08,16.32,16.48,16.110001,16.27,172600,15.932528
2015-10-07,16.26,16.41,15.98,16.360001,327700,16.020661
2015-10-06,16.48,16.73,16.24,16.280001,68800,15.942321
2015-10-05,16.280001,16.52,16.190001,16.48,107500,16.138171
2015-10-02,15.95,16.18,15.62,16.16,135200,15.824809
2015-10-01,16.18,16.35,15.81,15.98,184300,15.648542
2015-09-30,16.27,16.41,16.030001,16.24,212600,15.90315
2015-09-29,16.08,16.33,15.92,16.219999,174400,15.883564
2015-09-28,16.190001,16.299999,16.040001,16.110001,190500,15.775847
2015-09-25,16.35,16.469999,16.110001,16.18,215500,15.844395
2015-09-24,16.370001,16.43,16.209999,16.26,136500,15.922735
2015-09-23,16.440001,16.549999,16.190001,16.389999,109000,16.050038
2015-09-22,16.32,16.549999,16.280001,16.360001,115600,16.020661
2015-09-21,16.73,16.860001,16.26,16.459999,215500,16.118586
2015-09-18,16.42,16.780001,16.280001,16.67,249800,16.324231
2015-09-17,16.549999,16.76,16.48,16.60,151200,16.255683
2015-09-16,16.48,16.639999,16.33,16.559999,96900,16.216512
2015-09-15,16.42,16.629999,16.24,16.50,110600,16.157757
2015-09-14,16.370001,16.60,16.290001,16.450001,442200,16.108795
2015-09-11,16.08,16.50,16.030001,16.370001,213700,16.030454
2015-09-10,16.120001,16.33,16.120001,16.16,88000,15.824809
2015-09-09,16.709999,16.709999,16.139999,16.18,193200,15.844395
2015-09-08,16.52,16.620001,16.379999,16.530001,150700,16.187135
2015-09-04,16.26,16.52,16.07,16.33,56500,15.991283
2015-09-03,16.450001,16.719999,16.32,16.43,315500,16.089209
2015-09-02,16.219999,16.43,15.66,16.43,260100,16.089209
2015-09-01,15.79,16.23,15.79,16.030001,223500,15.697506
2015-08-31,16.18,16.32,16.00,16.08,116500,15.746469
2015-08-28,16.200001,16.40,16.10,16.26,102500,15.922735
2015-08-27,16.35,16.540001,16.200001,16.33,189700,15.991283
2015-08-26,16.23,16.26,15.61,16.200001,201500,15.86398
2015-08-25,16.049999,16.120001,15.77,15.85,157600,15.52124
2015-08-24,15.29,16.360001,15.19,15.67,297300,15.344973
2015-08-21,16.110001,16.42,16.030001,16.25,172100,15.912943
2015-08-20,16.459999,16.719999,16.309999,16.35,143800,16.010869
2015-08-19,16.51,16.690001,16.35,16.58,86100,16.236098
2015-08-18,16.889999,16.889999,15.71,16.57,106000,16.226305
2015-08-17,16.66,16.99,16.50,16.889999,93100,16.539667
2015-08-14,16.610001,16.84,16.49,16.719999,73100,16.373193
2015-08-13,16.639999,16.889999,16.610001,16.690001,56100,16.343817
2015-08-12,16.57,16.66,16.200001,16.610001,131300,16.265476
2015-08-11,16.50,16.76,16.48,16.66,83600,16.314438
2015-08-10,16.93,17.15,16.65,16.75,121600,16.343816
2015-08-07,16.67,16.82,16.15,16.790001,89500,16.382847
2015-08-06,17.18,17.35,16.48,16.66,158500,16.255998
2015-08-05,17.42,17.469999,16.809999,17.209999,114800,16.79266
2015-08-04,17.360001,17.48,17.17,17.290001,93600,16.870722
2015-08-03,17.60,17.67,16.67,17.25,289100,16.831691
2015-07-31,16.780001,17.82,16.780001,17.530001,447300,17.104902
2015-07-30,16.200001,16.450001,16.190001,16.32,177000,15.924243
2015-07-29,16.15,16.690001,16.15,16.32,165500,15.924243
2015-07-28,16.040001,16.15,15.81,16.129999,146800,15.73885
2015-07-27,15.83,16.07,15.82,15.95,116600,15.563216
2015-07-24,15.88,16.07,15.73,15.86,233100,15.475398
2015-07-23,16.41,16.41,15.90,15.96,131100,15.572973
2015-07-22,16.07,16.389999,16.02,16.33,71700,15.934001
2015-07-21,16.030001,16.139999,15.85,16.09,77800,15.699821
2015-07-20,16.15,16.23,16.01,16.07,105700,15.680306
2015-07-17,16.27,16.40,16.129999,16.190001,98600,15.797396
2015-07-16,16.32,16.50,16.280001,16.32,118100,15.924243
2015-07-15,16.540001,16.58,16.190001,16.26,90200,15.865699
2015-07-14,16.60,16.700001,16.389999,16.60,130400,16.197454
2015-07-13,16.389999,16.67,16.379999,16.50,153800,16.099878
2015-07-10,16.16,16.32,16.09,16.299999,108900,15.904728
2015-07-09,16.08,16.209999,15.96,16.030001,185500,15.641277
2015-07-08,16.00,16.16,15.92,15.97,323400,15.582731
2015-07-07,16.08,16.219999,15.95,16.10,148300,15.709579
2015-07-06,16.09,16.219999,15.85,16.02,165600,15.631519
2015-07-02,16.24,16.379999,16.00,16.07,106300,15.680306
2015-07-01,16.17,16.299999,16.040001,16.200001,198600,15.807154
2015-06-30,15.85,16.139999,15.77,16.120001,190400,15.729094
2015-06-29,15.91,16.09,15.73,15.76,142200,15.377823
2015-06-26,16.09,16.139999,15.98,15.98,460500,15.592488
2015-06-25,16.120001,16.290001,16.00,16.030001,129600,15.641277
2015-06-24,16.040001,16.10,15.96,16.059999,107300,15.670548
2015-06-23,16.139999,16.139999,15.97,16.08,135300,15.690063
2015-06-22,16.02,16.120001,15.96,16.059999,97600,15.670548
2015-06-19,15.90,16.139999,15.86,15.98,178700,15.592488
2015-06-18,15.83,15.99,15.75,15.87,257300,15.485156
2015-06-17,15.73,15.88,15.64,15.81,93300,15.426611
2015-06-16,15.61,15.79,15.58,15.65,88800,15.27049
2015-06-15,15.59,15.79,15.44,15.64,128500,15.260734
2015-06-12,15.39,15.83,15.26,15.68,165700,15.299764
2015-06-11,15.52,15.56,15.36,15.40,53800,15.026553
2015-06-10,15.33,15.73,15.33,15.46,217800,15.085098
2015-06-09,15.04,15.32,14.83,15.29,120900,14.919221
2015-06-08,15.12,15.15,14.96,15.07,83100,14.704555
2015-06-05,14.95,15.14,14.68,15.09,103200,14.724071
2015-06-04,14.97,15.05,14.82,14.93,73300,14.567951
2015-06-03,14.83,15.09,14.73,15.05,96800,14.685041
2015-06-02,14.75,15.03,14.66,14.82,86600,14.460618
2015-06-01,14.77,14.98,14.54,14.83,100500,14.470376
2015-05-29,15.05,15.05,14.56,14.73,150200,14.3728
2015-05-28,14.62,14.71,14.43,14.71,94800,14.353286
2015-05-27,14.38,14.62,14.28,14.61,63700,14.25571
2015-05-26,14.29,14.45,14.01,14.34,128400,13.992258
2015-05-22,14.59,14.73,14.23,14.31,116000,13.962986
2015-05-21,14.64,14.74,14.52,14.57,100000,14.21668
2015-05-20,14.85,14.85,14.62,14.68,137900,14.324013
2015-05-19,14.82,14.87,14.64,14.83,114500,14.470376
2015-05-18,14.72,14.83,14.49,14.77,142200,14.411831
2015-05-15,14.66,14.77,14.44,14.76,124500,14.402073
2015-05-14,14.47,14.72,14.36,14.67,69500,14.314256
2015-05-13,14.57,14.62,14.34,14.42,49000,14.070318
2015-05-12,14.59,14.63,14.31,14.51,100600,14.158136
2015-05-11,14.66,14.95,14.66,14.70,84000,14.284983
2015-05-08,15.00,15.10,14.60,14.69,101500,14.275265
2015-05-07,14.71,14.91,14.63,14.85,89700,14.430748
2015-05-06,14.93,14.93,14.60,14.73,109200,14.314135
2015-05-05,14.68,14.90,14.55,14.83,273300,14.411313
2015-05-04,15.15,15.26,14.65,14.76,216000,14.343289
2015-05-01,15.39,15.41,14.48,15.22,564900,14.790302
2015-04-30,14.66,14.84,14.50,14.55,196000,14.139218
2015-04-29,15.26,15.55,14.76,14.78,124700,14.362724
2015-04-28,15.24,15.37,14.93,15.30,108600,14.868044
2015-04-27,15.49,15.60,15.08,15.18,109500,14.751432
2015-04-24,15.47,15.47,15.25,15.38,124800,14.945785
2015-04-23,15.28,15.48,15.11,15.40,179100,14.96522
2015-04-22,15.10,15.30,14.82,15.27,251300,14.838891
2015-04-21,15.48,15.48,14.95,15.07,134200,14.644537
2015-04-20,15.07,15.46,14.84,15.39,161600,14.955503
2015-04-17,15.49,15.55,14.85,14.95,349300,14.527925
2015-04-16,15.60,15.80,15.54,15.61,106900,15.169291
2015-04-15,15.73,15.89,15.65,15.67,124100,15.227598
2015-04-14,15.82,15.82,15.52,15.65,159900,15.208162
2015-04-13,15.45,15.82,15.45,15.78,88600,15.334492
2015-04-10,15.65,15.65,15.24,15.45,230800,15.013808
2015-04-09,15.76,15.94,15.42,15.53,85100,15.09155
2015-04-08,15.25,15.78,15.16,15.76,199500,15.315057
2015-04-07,15.40,15.46,15.15,15.19,257800,14.761149
2015-04-06,15.59,15.85,15.42,15.47,149400,15.033244
2015-04-02,15.73,15.86,15.64,15.73,104500,15.285903
2015-04-01,15.76,15.77,15.45,15.66,187300,15.21788
2015-03-31,15.72,15.96,15.67,15.88,113200,15.431669
2015-03-30,15.61,15.83,15.61,15.75,88200,15.305339
2015-03-27,15.55,15.77,15.36,15.57,74300,15.13042
2015-03-26,15.35,15.65,15.32,15.51,92900,15.072115
2015-03-25,16.049999,16.049999,15.45,15.47,122700,15.033244
2015-03-24,15.97,16.17,15.81,16.09,106900,15.63574
2015-03-23,15.85,16.09,15.75,16.01,147000,15.557999
2015-03-20,15.69,15.93,15.48,15.85,322100,15.402516
2015-03-19,15.18,15.60,15.18,15.54,137800,15.101268
2015-03-18,15.09,15.23,14.94,15.16,168500,14.731996
2015-03-17,14.69,15.16,14.61,15.06,239500,14.63482
2015-03-16,15.33,15.58,15.22,15.27,202400,14.838891
2015-03-13,15.20,15.28,14.86,15.19,196100,14.761149
2015-03-12,15.10,15.19,15.05,15.15,313700,14.722278
2015-03-11,15.20,15.20,15.02,15.09,128500,14.663972
2015-03-10,15.20,15.33,15.01,15.14,132100,14.712561
2015-03-09,15.14,15.39,14.92,15.27,76900,14.838891
2015-03-06,15.27,15.33,15.02,15.10,171000,14.67369
2015-03-05,15.33,15.42,15.14,15.36,81900,14.926349
2015-03-04,15.22,15.40,15.13,15.26,93400,14.829173
2015-03-03,15.43,15.47,15.29,15.35,83200,14.916632
2015-03-02,15.28,15.57,15.26,15.55,95500,15.110986
2015-02-27,15.53,15.53,15.25,15.26,85200,14.829173
2015-02-26,15.45,15.61,15.40,15.53,91300,15.09155
2015-02-25,15.27,15.53,15.20,15.44,170500,15.00409
2015-02-24,15.46,15.61,15.19,15.24,302200,14.809737
2015-02-23,15.40,15.46,15.21,15.44,123100,14.945785
2015-02-20,15.44,15.48,15.21,15.38,252300,14.887706
2015-02-19,15.59,15.69,15.42,15.51,122000,15.013545
2015-02-18,15.45,15.62,15.40,15.55,149100,15.052265
2015-02-17,15.79,15.79,15.15,15.41,291100,14.916746
2015-02-13,15.50,15.99,15.43,15.73,398800,15.226503
2015-02-12,14.75,14.93,14.59,14.86,133400,14.38435
2015-02-11,14.75,14.97,14.70,14.75,84600,14.277872
2015-02-10,14.68,14.87,14.47,14.74,107500,14.268191
2015-02-09,14.64,14.85,14.51,14.54,116000,14.074593
2015-02-06,14.57,14.84,14.48,14.75,251500,14.277872
2015-02-05,15.00,15.03,14.50,14.55,266200,14.084273
2015-02-04,14.90,15.04,14.83,14.96,187000,14.48115
2015-02-03,14.91,15.18,14.80,14.95,183800,14.47147
2015-02-02,14.54,14.85,14.18,14.84,225700,14.364991
2015-01-30,14.99,15.14,14.51,14.52,181800,14.055234
2015-01-29,14.87,15.14,14.80,15.14,105400,14.655389
2015-01-28,15.10,15.15,14.76,14.80,133600,14.326271
2015-01-27,15.06,15.14,14.87,14.98,124700,14.500509
2015-01-26,15.15,15.24,15.08,15.22,120800,14.732828
2015-01-23,15.42,15.52,15.11,15.14,192600,14.655389
2015-01-22,15.01,15.38,14.74,15.37,154800,14.878026
2015-01-21,15.10,15.18,14.79,14.91,106800,14.43275
2015-01-20,15.35,15.42,15.02,15.17,147400,14.684428
2015-01-16,15.09,15.26,14.90,15.25,175600,14.761867
2015-01-15,15.35,15.50,15.03,15.09,322600,14.606989
2015-01-14,14.73,15.36,14.55,15.32,452300,14.829626
2015-01-13,14.68,14.97,14.51,14.84,242000,14.364991
2015-01-12,14.59,14.65,14.34,14.48,277600,14.016513
2015-01-09,14.59,14.63,14.32,14.35,180800,13.890675
2015-01-08,14.59,14.70,14.47,14.64,445600,14.171393
2015-01-07,14.27,14.56,14.21,14.52,339200,14.055234
2015-01-06,14.54,14.56,14.02,14.23,266400,13.774516
2015-01-05,14.34,14.59,14.31,14.40,262800,13.939074
2015-01-02,15.17,15.17,14.38,14.40,277700,13.939074
2014-12-31,14.90,15.18,14.85,15.00,289600,14.519869
2014-12-30,14.65,14.90,14.59,14.86,233400,14.38435
2014-12-29,14.44,14.77,14.32,14.67,181500,14.200432
2014-12-26,14.36,14.45,14.33,14.39,144100,13.929395
2014-12-24,14.17,14.47,14.17,14.25,153800,13.793876
2014-12-23,14.08,14.36,14.07,14.18,198200,13.726117
2014-12-22,13.94,14.19,13.81,14.07,190400,13.619637
2014-12-19,13.89,14.05,13.69,13.88,698300,13.435719
2014-12-18,13.66,13.95,13.43,13.93,409400,13.484119
2014-12-17,13.17,13.52,13.16,13.51,272400,13.077563
2014-12-16,13.09,13.48,13.05,13.17,264500,12.748445
2014-12-15,13.20,13.40,13.07,13.10,237200,12.680686
2014-12-12,13.08,13.21,13.00,13.12,209000,12.700046
2014-12-11,13.16,13.35,13.10,13.24,109400,12.816204
2014-12-10,13.26,13.34,13.05,13.10,131800,12.680686
2014-12-09,12.98,13.30,12.95,13.28,232700,12.854924
2014-12-08,12.95,13.14,12.91,13.10,299400,12.680686
2014-12-05,13.15,13.29,13.00,13.04,195500,12.622606
2014-12-04,13.12,13.30,13.08,13.14,270800,12.719406
2014-12-03,13.14,13.25,13.06,13.09,273500,12.671006
2014-12-02,12.94,13.26,12.88,13.10,104800,12.680686
2014-12-01,13.12,13.22,12.86,12.88,211000,12.467728
2014-11-28,12.89,13.30,12.89,13.14,144400,12.719406
2014-11-26,12.90,13.01,12.85,12.88,94600,12.467728
2014-11-25,12.97,13.14,12.86,12.88,155500,12.467728
2014-11-24,12.90,13.01,12.84,12.92,197100,12.506448
2014-11-21,13.05,13.05,12.80,12.83,180000,12.419328
2014-11-20,12.70,13.00,12.67,12.92,214500,12.506448
2014-11-19,12.95,13.00,12.70,12.73,213100,12.322529
2014-11-18,12.99,13.25,12.91,12.92,249300,12.506448
2014-11-17,12.43,12.98,12.39,12.97,763900,12.506448
2014-11-14,12.35,12.56,12.35,12.37,253300,11.927891
2014-11-13,12.66,12.78,12.36,12.37,272100,11.927891
2014-11-12,12.49,12.71,12.43,12.60,312900,12.149672
2014-11-11,12.50,12.60,12.41,12.55,233400,12.101458
2014-11-10,12.44,12.73,12.24,12.51,253600,12.062888
2014-11-07,12.35,12.41,12.22,12.41,235800,11.966462
2014-11-06,12.70,12.70,12.20,12.36,562300,11.918249
2014-11-05,12.87,12.94,12.61,12.73,221600,12.275025
2014-11-04,12.24,12.84,12.18,12.83,327900,12.371451
2014-11-03,12.20,12.29,12.13,12.25,206100,11.81218
2014-10-31,12.37,12.37,12.08,12.17,260700,11.73504
2014-10-30,11.89,12.15,11.87,12.14,183000,11.706112
2014-10-29,11.86,12.00,11.66,11.91,174700,11.484332
2014-10-28,11.35,11.86,11.35,11.84,235900,11.416834
2014-10-27,11.21,11.35,11.18,11.32,86500,10.915419
2014-10-24,11.13,11.34,11.09,11.30,92800,10.896134
2014-10-23,11.29,11.30,11.06,11.10,105800,10.703282
2014-10-22,11.25,11.32,11.12,11.15,141700,10.751494
2014-10-21,11.06,11.24,10.87,11.24,141800,10.838278
2014-10-20,10.78,11.08,10.78,11.07,241600,10.674354
2014-10-17,11.28,11.32,10.73,10.80,341000,10.414004
2014-10-16,10.86,11.17,10.74,11.12,315400,10.722567
2014-10-15,10.92,11.13,10.54,11.03,361500,10.635783
2014-10-14,11.00,11.36,10.99,11.13,271500,10.73221
2014-10-13,11.04,11.07,10.89,10.90,251000,10.51043
2014-10-10,11.05,11.21,10.99,11.04,235700,10.645426
2014-10-09,11.56,11.72,11.09,11.11,302000,10.712924
2014-10-08,11.07,11.59,11.07,11.56,232400,11.146842
2014-10-07,11.26,11.30,11.07,11.13,160400,10.73221
2014-10-06,11.41,11.53,11.28,11.37,110200,10.963632
2014-10-03,11.36,11.44,11.26,11.41,247400,11.002202
2014-10-02,11.00,11.27,11.00,11.23,126800,10.828635
2014-10-01,11.03,11.15,10.87,11.00,270000,10.606856
2014-09-30,11.40,11.46,11.04,11.04,197500,10.645426
2014-09-29,11.33,11.52,11.32,11.39,139100,10.982917
2014-09-26,11.33,11.47,11.30,11.47,72400,11.060058
2014-09-25,11.40,11.47,11.25,11.31,116000,10.905777
2014-09-24,11.34,11.48,11.27,11.42,122800,11.011845
2014-09-23,11.46,11.60,11.26,11.31,151200,10.905777
2014-09-22,11.56,11.64,11.44,11.49,138100,11.079343
2014-09-19,11.71,11.78,11.61,11.66,447800,11.243267
2014-09-18,11.59,11.62,11.52,11.60,155800,11.185412
2014-09-17,11.47,11.65,11.47,11.54,119100,11.127556
2014-09-16,11.43,11.58,11.43,11.49,125700,11.079343
2014-09-15,11.60,11.60,11.38,11.45,123700,11.040773
2014-09-12,11.56,11.60,11.32,11.59,239600,11.175769
2014-09-11,11.02,11.54,11.02,11.52,338600,11.108271
2014-09-10,11.18,11.32,11.07,11.28,137400,10.876848
2014-09-09,11.36,11.36,11.08,11.12,116500,10.722567
2014-09-08,11.28,11.36,11.25,11.36,173000,10.953989
2014-09-05,11.19,11.37,11.19,11.29,77200,10.886491
2014-09-04,11.32,11.47,11.23,11.25,121000,10.847921
2014-09-03,11.30,11.38,11.00,11.26,432900,10.857564
2014-09-02,11.21,11.37,11.14,11.29,313500,10.886491
2014-08-29,11.03,11.20,10.95,11.15,411900,10.751494
2014-08-28,10.97,11.08,10.90,11.03,97700,10.635783
2014-08-27,11.01,11.08,10.92,11.00,124700,10.606856
2014-08-26,11.13,11.15,10.96,11.00,145500,10.606856
2014-08-25,10.89,11.16,10.86,11.09,297500,10.693639
2014-08-22,10.73,10.87,10.66,10.82,113900,10.433289
2014-08-21,10.66,10.75,10.47,10.73,124300,10.346505
2014-08-20,10.90,10.90,10.68,10.69,177800,10.307935
2014-08-19,11.04,11.05,10.91,10.95,152100,10.558643
2014-08-18,11.04,11.07,10.91,10.98,138100,10.58757
2014-08-15,10.80,11.03,10.70,10.95,240700,10.558643
2014-08-14,10.89,10.93,10.64,10.70,222700,10.317578
2014-08-13,10.88,10.97,10.75,10.86,213800,10.471859
2014-08-12,10.97,10.97,10.71,10.86,129500,10.471859
2014-08-11,10.70,11.08,10.66,11.05,202400,10.606856
2014-08-08,10.51,10.70,10.51,10.66,104500,10.232496
2014-08-07,10.67,10.74,10.49,10.52,113400,10.098111
2014-08-06,10.39,10.70,10.39,10.64,189000,10.213299
2014-08-05,10.70,10.71,10.39,10.45,274000,10.030918
2014-08-04,10.63,10.81,10.42,10.74,299300,10.309288
2014-08-01,11.30,11.34,10.49,10.57,376700,10.146105
2014-07-31,11.39,11.53,11.18,11.35,273800,10.894825
2014-07-30,11.62,11.68,11.42,11.46,157400,11.000413
2014-07-29,11.52,11.68,11.41,11.58,149800,11.115601
2014-07-28,11.38,11.51,11.31,11.50,196000,11.038809
2014-07-25,11.40,11.45,11.28,11.42,198100,10.962017
2014-07-24,11.75,11.75,11.48,11.49,199700,11.02921
2014-07-23,11.69,11.80,11.64,11.67,189700,11.201992
2014-07-22,11.83,11.93,11.68,11.70,470300,11.230788
2014-07-21,11.87,11.90,11.68,11.76,185700,11.288382
2014-07-18,11.75,12.06,11.75,11.92,270600,11.441966
2014-07-17,11.79,12.08,11.75,11.77,276000,11.297982
2014-07-16,11.89,12.01,11.77,11.83,536500,11.355575
2014-07-15,11.97,11.97,11.69,11.81,285300,11.336377
2014-07-14,12.02,12.08,11.92,11.99,173500,11.509158
2014-07-11,12.00,12.14,11.89,11.89,267500,11.413169
2014-07-10,12.09,12.11,11.96,12.05,162800,11.566752
2014-07-09,12.21,12.30,12.19,12.23,192000,11.739533
2014-07-08,12.45,12.46,12.13,12.13,349200,11.643544
2014-07-07,12.47,12.72,12.41,12.50,431600,11.998706
2014-07-03,12.50,12.58,12.47,12.53,74900,12.027502
2014-07-02,12.55,12.65,12.42,12.43,246900,11.931513
2014-07-01,12.34,12.73,12.33,12.60,286100,12.094696
2014-06-30,12.42,12.42,12.25,12.35,227400,11.854721
2014-06-27,12.29,12.51,12.28,12.49,651000,11.989106
2014-06-26,12.28,12.34,12.22,12.30,114700,11.806726
2014-06-25,12.13,12.34,12.13,12.33,107000,11.835523
2014-06-24,12.27,12.41,12.18,12.22,158500,11.729935
2014-06-23,12.36,12.37,12.23,12.35,139800,11.854721
2014-06-20,12.36,12.41,12.30,12.39,250600,11.893117
2014-06-19,12.25,12.36,12.17,12.33,147900,11.835523
2014-06-18,12.29,12.29,12.16,12.24,170200,11.749132
2014-06-17,12.20,12.35,12.16,12.28,196800,11.787528
2014-06-16,12.31,12.38,12.16,12.26,143200,11.768331
2014-06-13,12.50,12.53,12.28,12.31,183200,11.816326
2014-06-12,12.47,12.55,12.31,12.44,152700,11.941111
2014-06-11,12.42,12.59,12.42,12.55,131100,12.046701
2014-06-10,12.51,12.64,12.30,12.53,121200,12.027502
2014-06-09,12.83,12.86,12.58,12.61,140300,12.104294
2014-06-06,12.89,13.10,12.70,12.90,201800,12.382664
2014-06-05,12.27,12.82,12.20,12.80,307900,12.286675
2014-06-04,12.10,12.30,12.08,12.24,196600,11.749132
2014-06-03,12.12,12.29,12.06,12.16,139800,11.672341
2014-06-02,12.29,12.35,12.10,12.20,172100,11.710736
2014-05-30,12.13,12.31,12.01,12.25,132200,11.758731
2014-05-29,12.27,12.30,12.07,12.13,101000,11.643544
2014-05-28,12.45,12.45,12.14,12.24,132300,11.749132
2014-05-27,12.38,12.60,12.34,12.45,171700,11.950711
2014-05-23,12.33,12.36,12.26,12.36,134000,11.86432
2014-05-22,12.12,12.35,12.12,12.30,84100,11.806726
2014-05-21,12.11,12.25,11.99,12.13,152800,11.643544
2014-05-20,12.24,12.24,12.00,12.09,187900,11.605148
2014-05-19,12.07,12.36,12.01,12.24,156500,11.749132
2014-05-16,12.09,12.20,11.96,12.19,114000,11.701137
2014-05-15,12.01,12.10,11.95,12.04,265200,11.557153
2014-05-14,12.36,12.37,12.00,12.05,208200,11.566752
2014-05-13,12.65,12.68,12.28,12.40,255800,11.902716
2014-05-12,12.36,12.77,12.33,12.70,215800,12.14269
2014-05-09,12.10,12.31,12.01,12.30,153300,11.760243
2014-05-08,12.60,12.69,12.15,12.16,176700,11.626387
2014-05-07,12.76,12.79,12.50,12.56,236100,12.008834
2014-05-06,12.64,12.95,12.64,12.77,343600,12.209619
2014-05-05,12.36,12.79,12.20,12.73,331300,12.171373
2014-05-02,12.50,12.58,12.27,12.27,144100,11.73156
2014-05-01,12.53,12.64,12.31,12.43,242300,11.884539
2014-04-30,12.52,12.66,12.44,12.59,259500,12.037517
2014-04-29,12.36,12.67,12.10,12.60,264100,12.047079
2014-04-28,12.10,12.16,11.88,12.09,302900,11.559459
2014-04-25,12.25,12.33,12.00,12.00,176100,11.473408
2014-04-24,12.66,12.66,12.23,12.25,227400,11.712437
2014-04-23,12.70,12.79,12.62,12.65,257700,12.094884
2014-04-22,12.59,12.87,12.52,12.74,476800,12.180935
2014-04-21,12.14,12.27,12.01,12.25,227200,11.712437
2014-04-17,11.97,12.14,11.92,12.12,174500,11.588142
2014-04-16,12.02,12.02,11.80,11.97,142400,11.444725
2014-04-15,12.01,12.06,11.76,11.92,242900,11.396919
2014-04-14,11.93,12.02,11.84,12.00,252600,11.473408
2014-04-11,11.82,11.94,11.76,11.86,235700,11.339551
2014-04-10,11.97,12.00,11.75,11.93,206100,11.40648
2014-04-09,11.81,11.99,11.70,11.99,484400,11.463847
2014-04-08,11.62,11.83,11.60,11.77,246100,11.253501
2014-04-07,12.00,12.25,11.50,11.57,398500,11.062277
2014-04-04,12.49,12.50,11.94,12.01,198000,11.482969
2014-04-03,12.55,12.66,12.34,12.42,178400,11.874977
2014-04-02,12.43,12.51,12.16,12.49,202900,11.941905
2014-04-01,12.13,12.50,12.13,12.42,337600,11.874977
2014-03-31,11.98,12.12,11.89,12.09,272500,11.559459
2014-03-28,11.61,12.04,11.61,11.90,322500,11.377796
2014-03-27,11.84,12.00,11.38,11.62,290200,11.110083
2014-03-26,12.09,12.24,11.83,11.85,223300,11.329991
2014-03-25,12.00,12.03,11.75,11.99,199400,11.463847
2014-03-24,12.10,12.49,11.72,11.89,177400,11.368235
2014-03-21,12.16,12.24,12.05,12.09,403000,11.559459
2014-03-20,12.13,12.24,12.03,12.15,181800,11.616825
2014-03-19,12.51,12.55,12.13,12.18,119000,11.645509
2014-03-18,12.51,12.60,12.45,12.53,126900,11.98015
2014-03-17,12.50,12.62,12.41,12.48,120600,11.932344
2014-03-14,12.40,12.49,12.21,12.39,125100,11.846294
2014-03-13,12.68,12.77,12.37,12.47,135700,11.922783
2014-03-12,12.48,12.67,12.42,12.62,355100,12.066201
2014-03-11,12.56,12.60,12.27,12.54,277500,11.989711
2014-03-10,12.61,12.75,12.49,12.59,923800,11.989712
2014-03-07,12.78,12.78,12.44,12.67,257600,12.065897
2014-03-06,12.71,12.78,12.53,12.70,167800,12.094467
2014-03-05,12.73,12.82,12.68,12.72,189200,12.113513
2014-03-04,12.41,12.86,12.41,12.75,461100,12.142083
2014-03-03,12.27,12.36,12.16,12.26,242800,11.675446
2014-02-28,12.37,12.58,12.30,12.36,362000,11.770678
2014-02-27,12.55,12.74,12.32,12.33,195400,11.742108
2014-02-26,12.56,12.78,12.49,12.58,208100,11.980188
2014-02-25,12.66,12.91,12.54,12.57,183100,11.970665
2014-02-24,13.60,13.96,12.50,12.70,536100,12.094467
2014-02-21,13.49,14.39,12.89,13.58,1123200,12.932508
2014-02-20,12.22,12.39,12.20,12.32,246300,11.732585
2014-02-19,12.52,12.63,12.20,12.20,154400,11.618306
2014-02-18,12.74,12.78,12.57,12.58,130200,11.980188
2014-02-14,12.58,13.09,12.33,12.72,145900,12.113513
2014-02-13,12.57,12.66,12.42,12.58,125600,11.980188
2014-02-12,12.61,12.73,12.49,12.64,118800,12.037328
2014-02-11,12.57,12.81,12.50,12.64,150100,12.037328
2014-02-10,12.31,12.61,12.10,12.57,137000,11.970665
2014-02-07,12.30,12.63,12.20,12.34,104200,11.751632
2014-02-06,12.23,12.53,12.16,12.26,115100,11.675446
2014-02-05,12.14,12.30,11.91,12.17,184300,11.589737
2014-02-04,12.45,12.64,12.10,12.20,237900,11.618306
2014-02-03,13.05,13.27,12.31,12.41,245200,11.818294
2014-01-31,12.87,13.26,12.87,13.09,255200,12.465872
2014-01-30,12.71,13.29,12.71,13.15,237600,12.523011
2014-01-29,12.56,12.66,12.46,12.60,195700,11.999235
2014-01-28,12.54,12.78,12.16,12.71,236700,12.10399
2014-01-27,12.54,12.74,12.26,12.54,263800,11.942095
2014-01-24,12.94,12.94,12.35,12.56,322700,11.961142
2014-01-23,13.32,13.32,12.86,13.02,173000,12.39921
2014-01-22,13.11,13.49,13.06,13.41,186700,12.770614
2014-01-21,13.24,13.32,12.90,13.11,169100,12.484918
2014-01-17,13.28,13.42,13.18,13.21,288700,12.58015
2014-01-16,13.40,13.58,13.20,13.35,180400,12.713475
2014-01-15,13.24,13.55,13.06,13.41,250400,12.770614
2014-01-14,12.85,13.24,12.74,13.19,230900,12.561103
2014-01-13,13.14,13.15,12.69,12.84,214400,12.227792
2014-01-10,13.33,13.33,12.77,13.15,306000,12.523011
2014-01-09,13.53,13.53,13.27,13.33,220500,12.694428
2014-01-08,13.46,13.69,13.36,13.52,273800,12.87537
2014-01-07,13.36,13.60,13.20,13.46,166600,12.81823
2014-01-06,13.66,13.76,13.13,13.26,263200,12.627766
2014-01-03,13.52,13.67,13.01,13.62,432400,12.970601
2014-01-02,13.78,14.15,13.48,13.52,344200,12.87537
2013-12-31,14.75,14.75,13.41,14.21,1352200,13.53247
2013-12-30,14.97,15.11,14.82,14.84,96900,14.132432
2013-12-27,15.13,15.21,14.84,15.01,89700,14.294327
2013-12-26,15.05,15.21,15.00,15.06,91300,14.341943
2013-12-24,15.05,15.30,14.91,14.98,183200,14.265756
2013-12-23,14.11,15.02,14.04,14.96,343300,14.24671
2013-12-20,13.92,14.14,13.92,14.02,627600,13.35153
2013-12-19,13.97,14.04,13.87,13.95,216400,13.284867
2013-12-18,13.95,14.06,13.85,14.00,245000,13.332483
2013-12-17,13.91,14.01,13.80,13.91,125300,13.246774
2013-12-16,13.89,14.04,13.88,13.95,159700,13.284867
2013-12-13,14.08,14.09,13.80,13.87,153200,13.208681
2013-12-12,13.74,14.09,13.71,14.02,420400,13.35153
2013-12-11,14.07,14.17,13.66,13.78,353600,13.122972
2013-12-10,14.17,14.26,13.96,14.07,254500,13.399145
2013-12-09,13.89,14.24,13.88,14.24,226300,13.56104
2013-12-06,13.83,14.10,13.78,13.92,156800,13.256298
2013-12-05,13.74,13.96,13.63,13.67,192600,13.018217
2013-12-04,13.66,13.86,13.11,13.74,199900,13.08488
2013-12-03,13.94,13.97,13.60,13.70,240300,13.046787
2013-12-02,14.38,14.38,13.91,13.94,223200,13.275343
2013-11-29,14.34,14.43,14.16,14.38,91200,13.694365
2013-11-27,14.26,14.43,14.15,14.25,147200,13.570563
2013-11-26,14.14,14.38,14.00,14.12,247500,13.446761
2013-11-25,14.58,14.69,14.01,14.10,308200,13.427715
2013-11-22,13.59,14.68,13.50,14.45,733400,13.761027
2013-11-21,13.11,13.60,13.11,13.55,184300,12.903939
2013-11-20,13.36,13.36,13.01,13.08,177100,12.456348
2013-11-19,13.39,13.57,13.27,13.34,109400,12.703952
2013-11-18,13.61,13.70,13.26,13.41,175900,12.770614
2013-11-15,13.65,13.69,13.43,13.55,200900,12.903939
2013-11-14,13.48,13.68,13.41,13.67,173200,13.018217
2013-11-13,13.34,13.62,13.30,13.51,141300,12.865846
2013-11-12,13.38,13.56,13.21,13.47,164300,12.827754
2013-11-11,13.50,13.65,13.32,13.50,299400,12.81823
2013-11-08,13.27,13.51,13.23,13.49,353700,12.808735
2013-11-07,13.07,13.45,13.07,13.21,401500,12.542876
2013-11-06,12.95,13.08,12.81,13.03,253200,12.371966
2013-11-05,12.35,12.93,12.31,12.90,273600,12.248531
2013-11-04,12.88,12.88,12.32,12.35,372800,11.726307
2013-11-01,12.70,12.76,11.59,12.52,459300,11.887722
2013-10-31,12.14,12.45,11.87,12.17,279300,11.555397
2013-10-30,12.23,12.30,12.01,12.17,113800,11.555397
2013-10-29,12.15,12.38,12.10,12.26,111400,11.640852
2013-10-28,11.96,12.13,11.94,12.13,166500,11.517417
2013-10-25,12.00,12.04,11.77,11.92,111700,11.318023
2013-10-24,12.07,12.07,11.88,11.94,135900,11.337012
2013-10-23,12.26,12.29,12.01,12.08,190500,11.469942
2013-10-22,12.49,12.55,12.21,12.30,168900,11.678832
2013-10-21,12.68,12.95,12.43,12.47,186300,11.840247
2013-10-18,11.74,12.77,11.61,12.62,390600,11.982671
2013-10-17,11.40,11.66,11.29,11.63,173900,11.042668
2013-10-16,11.56,11.63,11.41,11.47,200400,10.890748
2013-10-15,11.75,11.85,11.43,11.50,128600,10.919233
2013-10-14,11.78,11.88,11.70,11.82,82300,11.223072
2013-10-11,11.59,12.02,11.56,11.88,156600,11.280043
2013-10-10,11.57,11.68,11.48,11.66,174500,11.071153
2013-10-09,11.31,11.59,11.19,11.46,160200,10.881253
2013-10-08,11.60,11.73,11.25,11.37,375000,10.795798
2013-10-07,11.68,11.72,11.57,11.60,263800,11.014183
2013-10-04,11.80,11.91,11.65,11.75,173900,11.156608
2013-10-03,11.83,11.97,11.17,11.83,460500,11.232568
2013-10-02,12.08,12.15,11.82,11.89,197500,11.289538
2013-10-01,11.83,12.22,11.73,12.18,177900,11.564892
2013-09-30,11.79,11.95,11.66,11.85,260400,11.251558
2013-09-27,11.61,12.01,11.61,11.93,147600,11.327518
2013-09-26,11.72,11.86,11.54,11.69,148700,11.099637
2013-09-25,11.84,11.84,11.60,11.70,100800,11.109133
2013-09-24,11.46,11.93,11.46,11.84,162900,11.242063
2013-09-23,11.55,11.61,11.31,11.45,147300,10.871758
2013-09-20,11.92,11.97,11.51,11.56,262500,10.976203
2013-09-19,11.98,12.02,11.78,11.92,79100,11.318023
2013-09-18,12.06,12.08,11.83,11.98,111400,11.374992
2013-09-17,11.81,12.09,11.78,12.06,128700,11.450953
2013-09-16,12.16,12.23,11.80,11.81,127700,11.213578
2013-09-13,12.03,12.13,11.75,12.03,122600,11.422467
2013-09-12,11.78,11.98,11.71,11.97,166900,11.365498
2013-09-11,12.00,12.00,11.44,11.82,192200,11.223072
2013-09-10,11.67,12.04,11.53,12.03,193500,11.422467
2013-09-09,11.72,11.72,11.35,11.55,247600,10.966708
2013-09-06,11.82,11.99,11.39,11.63,132200,11.042668
2013-09-05,11.70,11.78,11.45,11.72,248000,11.128123
2013-09-04,11.73,11.87,11.52,11.65,194300,11.061658
2013-09-03,11.99,12.16,11.56,11.73,191300,11.137617
2013-08-30,12.10,12.10,11.63,11.82,140900,11.223072
2013-08-29,11.94,12.29,11.94,12.13,131500,11.517417
2013-08-28,11.92,12.10,11.85,11.91,89400,11.308527
2013-08-27,12.06,12.24,11.80,11.90,217200,11.299032
2013-08-26,12.33,12.49,12.08,12.24,157200,11.621862
2013-08-23,12.56,12.56,12.29,12.30,145400,11.678832
2013-08-22,12.42,12.63,12.30,12.50,85900,11.868732
2013-08-21,12.55,12.59,12.10,12.41,170600,11.783277
2013-08-20,12.22,12.57,12.22,12.57,105700,11.935196
2013-08-19,12.52,12.55,12.18,12.19,159400,11.574387
2013-08-16,12.38,12.61,12.31,12.51,151100,11.878227
2013-08-15,12.81,12.90,12.36,12.43,232600,11.802267
2013-08-14,12.92,13.06,12.91,12.94,240900,12.286511
2013-08-13,13.00,13.01,12.80,12.91,176700,12.258026
2013-08-12,12.63,13.12,12.60,12.99,218400,12.296006
2013-08-09,12.58,12.81,12.56,12.68,158300,12.002568
2013-08-08,12.77,12.92,12.57,12.64,231000,11.964705
2013-08-07,12.29,12.65,12.17,12.62,217400,11.945773
2013-08-06,12.41,12.67,12.29,12.34,312200,11.680733
2013-08-05,12.47,12.60,12.25,12.41,282100,11.746992
2013-08-02,12.32,12.94,12.13,12.50,404600,11.832184
2013-08-01,12.11,12.33,11.92,12.20,255900,11.548212
2013-07-31,11.87,12.13,11.86,11.96,156000,11.321034
2013-07-30,12.47,12.47,11.78,11.85,344700,11.216911
2013-07-29,11.98,12.47,11.92,12.43,308900,11.765924
2013-07-26,11.80,12.05,11.76,11.98,193600,11.339965
2013-07-25,11.37,12.00,10.97,11.92,358300,11.283171
2013-07-24,12.33,12.41,11.44,11.53,404800,10.914007
2013-07-23,12.37,12.45,12.23,12.29,173400,11.633404
2013-07-22,12.56,12.62,12.30,12.33,239800,11.671267
2013-07-19,12.45,12.79,12.00,12.64,472600,11.964705
2013-07-18,13.03,13.15,12.91,13.13,256100,12.428527
2013-07-17,13.53,13.60,12.94,12.99,385500,12.296006
2013-07-16,13.70,13.76,13.55,13.57,300700,12.845019
2013-07-15,13.27,13.72,13.21,13.65,460800,12.920745
2013-07-12,13.07,13.21,13.03,13.15,325000,12.447458
2013-07-11,13.05,13.10,12.78,12.99,245300,12.296006
2013-07-10,12.98,13.18,12.83,12.89,248400,12.201349
2013-07-09,12.29,13.00,12.19,12.96,560800,12.267609
2013-07-08,12.10,12.35,12.10,12.19,236100,11.538746
2013-07-05,12.29,12.29,12.08,12.10,146300,11.453555
2013-07-03,12.07,12.27,12.04,12.10,78100,11.453555
2013-07-02,12.12,12.26,11.89,12.09,161500,11.444089
2013-07-01,12.22,12.33,12.03,12.07,250600,11.425157
2013-06-28,11.99,12.14,11.90,12.07,543600,11.425157
2013-06-27,11.96,12.03,11.88,11.99,128100,11.349431
2013-06-26,11.84,12.02,11.67,11.83,143300,11.197979
2013-06-25,11.75,11.79,11.54,11.75,130600,11.122253
2013-06-24,11.82,11.82,11.53,11.57,247700,10.95187
2013-06-21,12.20,12.33,11.52,11.90,354400,11.264239
2013-06-20,12.32,12.72,12.10,12.17,171400,11.519815
2013-06-19,12.63,12.70,12.39,12.40,121000,11.737527
2013-06-18,12.37,12.66,12.37,12.59,150600,11.917376
2013-06-17,12.42,12.60,12.16,12.32,251000,11.661801
2013-06-14,12.28,12.74,12.20,12.27,423500,11.614473
2013-06-13,11.99,12.29,11.67,12.26,351800,11.605007
2013-06-12,11.61,12.13,11.60,11.95,439200,11.311568
2013-06-11,11.33,11.67,11.25,11.50,307300,10.88561
2013-06-10,11.46,11.56,11.30,11.42,399600,10.809884
2013-06-07,11.41,11.63,11.30,11.39,183300,10.781487
2013-06-06,10.78,11.35,10.47,11.31,285700,10.705761
2013-06-05,11.17,11.24,10.62,10.72,394500,10.147282
2013-06-04,11.13,11.27,11.02,11.21,153500,10.611103
2013-06-03,11.26,11.36,11.00,11.12,304700,10.525911
2013-05-31,11.10,11.35,11.08,11.20,153500,10.601637
2013-05-30,11.28,11.44,11.17,11.19,144600,10.592171
2013-05-29,11.41,11.46,11.22,11.29,76500,10.686829
2013-05-28,11.42,11.55,11.30,11.48,215100,10.866678
2013-05-24,11.49,11.51,11.26,11.30,107900,10.696295
2013-05-23,11.28,11.58,10.87,11.53,198100,10.914007
2013-05-22,11.62,11.70,11.21,11.35,346500,10.743624
2013-05-21,11.72,11.83,11.62,11.64,144900,11.01813
2013-05-20,11.70,12.00,11.64,11.68,295600,11.055993
2013-05-17,11.96,12.00,11.50,11.70,267300,11.074924
2013-05-16,11.70,12.03,11.70,11.84,295300,11.207445
2013-05-15,11.72,11.92,11.57,11.68,453400,11.055993
2013-05-14,11.70,11.90,11.63,11.73,440000,11.103321
2013-05-13,11.80,11.96,11.65,11.76,501700,11.093856
2013-05-10,11.64,11.75,11.63,11.68,143000,11.018388
2013-05-09,11.71,11.72,11.56,11.66,208500,10.99952
2013-05-08,11.78,11.78,11.57,11.70,380900,11.037254
2013-05-07,11.85,11.92,11.73,11.82,679100,11.150457
2013-05-06,11.74,11.92,11.74,11.80,535000,11.13159
2013-05-03,10.65,11.75,10.56,11.75,763800,11.084422
2013-05-02,9.99,10.43,9.90,10.32,579700,9.735424
2013-05-01,9.87,10.05,9.80,9.92,295300,9.358082
2013-04-30,9.76,10.00,9.76,9.91,271200,9.348649
2013-04-29,9.83,9.86,9.71,9.74,149600,9.188278
2013-04-26,9.92,10.00,9.68,9.77,184500,9.21658
2013-04-25,9.90,9.96,9.84,9.91,133700,9.348649
2013-04-24,9.69,9.87,9.64,9.85,271700,9.292048
2013-04-23,9.67,9.80,9.58,9.69,158200,9.14111
2013-04-22,9.38,9.64,9.08,9.58,160700,9.037342
2013-04-19,9.16,9.47,9.01,9.36,244100,8.829803
2013-04-18,9.48,9.53,8.95,9.11,542300,8.593964
2013-04-17,9.60,9.65,9.36,9.44,196400,8.905272
2013-04-16,9.58,9.74,9.48,9.70,275800,9.150544
2013-04-15,9.97,10.00,9.40,9.51,299100,8.971307
2013-04-12,9.91,10.05,9.85,9.89,99900,9.329782
2013-04-11,9.95,10.10,9.79,9.92,217000,9.358082
2013-04-10,9.81,10.00,9.72,9.94,159000,9.376949
2013-04-09,9.78,9.90,9.76,9.81,126900,9.254314
2013-04-08,9.69,9.77,9.42,9.76,154100,9.207146
2013-04-05,9.47,9.62,9.37,9.61,143900,9.065642
2013-04-04,9.46,9.66,9.34,9.64,162400,9.093943
2013-04-03,9.75,9.75,9.43,9.48,172700,8.943006
2013-04-02,9.60,9.75,9.46,9.72,105400,9.169412
2013-04-01,9.50,9.66,9.43,9.55,144700,9.009041
2013-03-28,9.54,9.56,9.42,9.54,169200,8.999607
2013-03-27,9.55,9.55,9.38,9.50,84300,8.961873
2013-03-26,9.75,9.75,9.46,9.64,70700,9.093943
2013-03-25,9.64,9.72,9.57,9.69,86500,9.14111
2013-03-22,9.65,9.68,9.52,9.63,84300,9.08451
2013-03-21,9.55,9.72,9.47,9.65,116900,9.103376
2013-03-20,9.40,9.70,9.39,9.65,137400,9.103376
2013-03-19,9.48,9.59,9.30,9.37,121100,8.839237
2013-03-18,9.33,9.60,9.14,9.48,198000,8.943006
2013-03-15,9.45,9.56,9.38,9.53,242700,8.990174
2013-03-14,9.48,9.69,9.41,9.45,203800,8.914705
2013-03-13,9.30,9.54,9.25,9.44,126800,8.905272
2013-03-12,9.40,9.44,9.25,9.32,156900,8.792069
2013-03-11,9.32,9.44,9.31,9.41,180300,8.876971
2013-03-08,9.28,9.37,9.23,9.37,116200,8.839237
2013-03-07,9.08,9.25,9.02,9.20,132800,8.678867
2013-03-06,9.05,9.26,9.03,9.10,120700,8.584532
2013-03-05,9.34,9.34,8.99,9.02,262200,8.509063
2013-03-04,9.20,9.40,9.04,9.27,211300,8.744902
2013-03-01,8.99,9.25,8.88,9.18,217500,8.66
2013-02-28,8.85,9.11,8.78,9.06,341800,8.546797
2013-02-27,8.96,9.04,8.68,8.83,351500,8.329825
2013-02-26,8.95,9.05,8.88,8.97,211300,8.461895
2013-02-25,9.46,9.49,8.89,8.92,386300,8.414727
2013-02-22,9.42,9.44,9.32,9.44,219700,8.905272
2013-02-21,9.35,9.37,9.22,9.34,292600,8.810937
2013-02-20,9.13,9.98,9.04,9.38,1107000,8.848671
2013-02-19,8.39,9.18,8.38,9.15,531200,8.631699
2013-02-15,8.15,8.45,7.86,8.34,261700,7.867582
2013-02-14,7.81,7.88,7.73,7.81,104600,7.367603
2013-02-13,7.79,7.88,7.75,7.81,126400,7.367603
2013-02-12,7.85,7.90,7.71,7.79,169400,7.348736
2013-02-11,7.79,7.93,7.71,7.83,133200,7.38647
2013-02-08,7.78,7.90,7.75,7.82,73200,7.377037
2013-02-07,7.70,7.79,7.57,7.74,87400,7.301568
2013-02-06,7.63,7.76,7.59,7.73,62700,7.292135
2013-02-05,7.71,7.79,7.65,7.70,83100,7.263834
2013-02-04,7.72,7.90,7.37,7.65,304500,7.216666
2013-02-01,7.78,7.87,7.76,7.83,113900,7.38647
2013-01-31,7.66,7.79,7.61,7.76,116400,7.320436
2013-01-30,7.69,7.85,7.57,7.64,43500,7.207233
2013-01-29,7.71,7.81,7.60,7.73,136100,7.292135
2013-01-28,7.59,7.80,7.55,7.75,75100,7.311002
2013-01-25,7.68,7.68,7.49,7.59,70200,7.160065
2013-01-24,7.63,7.71,7.55,7.62,140500,7.188366
2013-01-23,7.66,7.72,7.55,7.60,60800,7.169499
2013-01-22,7.73,7.76,7.64,7.69,138300,7.254401
2013-01-18,7.84,7.84,7.73,7.75,108000,7.311002
2013-01-17,7.71,7.89,7.47,7.87,92100,7.424204
2013-01-16,7.88,7.89,7.61,7.65,130100,7.216666
2013-01-15,7.84,7.94,7.84,7.93,60800,7.480806
2013-01-14,7.97,8.07,7.85,7.91,101400,7.461939
2013-01-11,8.08,8.08,7.83,8.02,274800,7.565708
2013-01-10,7.79,7.93,7.63,7.76,305000,7.320436
2013-01-09,7.73,8.24,7.73,8.22,564700,7.754379
2013-01-08,7.52,7.78,7.47,7.72,177700,7.282701
2013-01-07,7.46,7.58,7.27,7.54,109200,7.112897
2013-01-04,7.36,7.67,7.35,7.53,206300,7.103464
2013-01-03,7.63,7.75,7.56,7.70,126900,7.263834
2013-01-02,7.45,7.70,7.42,7.62,206600,7.188366
2012-12-31,7.23,7.31,7.12,7.27,225400,6.858191
2012-12-28,7.14,7.39,7.05,7.24,185400,6.829891
2012-12-27,7.27,7.28,7.06,7.20,154700,6.792156
2012-12-26,7.50,7.50,7.26,7.28,125400,6.867625
2012-12-24,7.59,7.66,7.35,7.46,83700,7.037429
2012-12-21,7.63,7.75,7.47,7.55,862000,7.122331
2012-12-20,7.57,7.72,7.47,7.69,317600,7.254401
2012-12-19,7.64,7.65,7.53,7.55,109700,7.122331
2012-12-18,7.55,7.64,7.50,7.64,221600,7.207233
2012-12-17,7.37,7.55,7.37,7.55,268800,7.122331
2012-12-14,7.21,7.39,7.18,7.35,195600,6.93366
2012-12-13,7.25,7.31,7.15,7.25,160100,6.839324
2012-12-12,7.22,7.28,7.18,7.22,359500,6.811024
2012-12-11,7.31,7.36,7.14,7.19,298900,6.782723
2012-12-10,7.28,7.30,7.21,7.24,222900,6.829891
2012-12-07,7.43,7.43,7.14,7.24,144400,6.829891
2012-12-06,7.26,7.39,7.22,7.36,95400,6.943094
2012-12-05,7.47,7.48,7.24,7.25,105400,6.839324
2012-12-04,7.46,7.62,7.30,7.41,518300,6.990261
2012-12-03,7.53,7.64,7.48,7.51,98700,7.084597
2012-11-30,7.43,7.52,7.19,7.50,265300,7.075163
2012-11-29,7.40,7.50,7.34,7.40,134700,6.980828
2012-11-28,7.20,7.39,7.15,7.36,125300,6.943094
2012-11-27,7.23,7.34,7.09,7.26,113700,6.848758
2012-11-26,7.17,7.25,7.11,7.24,208100,6.829891
2012-11-23,7.17,7.23,7.06,7.21,55700,6.80159
2012-11-21,7.11,7.17,7.03,7.16,112800,6.754422
2012-11-20,6.94,7.13,6.81,7.09,134900,6.688388
2012-11-19,6.88,6.98,6.80,6.98,126200,6.584619
2012-11-16,6.92,7.00,6.73,6.78,144300,6.395948
2012-11-15,6.90,6.97,6.78,6.95,250300,6.556318
2012-11-14,6.88,6.99,6.75,6.88,312700,6.490283
2012-11-13,6.79,6.93,6.79,6.88,209900,6.490283
2012-11-12,6.76,6.90,6.76,6.85,135100,6.461982
2012-11-09,6.66,6.86,6.58,6.75,148700,6.367647
2012-11-08,6.92,6.93,6.63,6.67,176700,6.292178
2012-11-07,6.97,7.11,6.74,6.95,163400,6.556318
2012-11-06,7.01,7.17,6.98,7.09,215600,6.688388
2012-11-05,6.90,7.05,6.86,7.00,275400,6.603486
2012-11-02,6.86,6.99,6.73,6.90,164000,6.50915
2012-11-01,6.68,6.90,6.50,6.86,215700,6.471416
2012-10-31,6.36,6.68,6.35,6.65,137900,6.273311
2012-10-26,6.30,6.31,6.24,6.30,152500,5.943137
2012-10-25,6.33,6.33,6.24,6.32,114200,5.962004
2012-10-24,6.23,6.27,6.15,6.26,72400,5.905403
2012-10-23,6.12,6.25,6.05,6.22,78200,5.867668
2012-10-22,6.20,6.23,6.12,6.18,129200,5.829934
2012-10-19,6.33,6.33,6.18,6.23,160800,5.877102
2012-10-18,6.51,6.53,6.37,6.40,65900,6.037473
2012-10-17,6.42,6.55,6.38,6.50,67500,6.131808
2012-10-16,6.42,6.42,6.37,6.39,59700,6.028039
2012-10-15,6.27,6.38,6.25,6.36,102700,5.999738
2012-10-12,6.30,6.36,6.25,6.26,80600,5.905403
2012-10-11,6.40,6.40,6.29,6.31,116000,5.952571
2012-10-10,6.44,6.49,6.37,6.42,46900,6.05634
2012-10-09,6.44,6.46,6.33,6.44,91800,6.075207
2012-10-08,6.36,6.50,6.17,6.42,73700,6.05634
2012-10-05,6.64,6.66,6.33,6.38,76600,6.018606
2012-10-04,6.71,6.74,6.54,6.63,96800,6.254444
2012-10-03,6.64,6.75,6.53,6.67,127700,6.292178
2012-10-02,6.57,6.68,6.50,6.65,163700,6.273311
2012-10-01,6.43,6.61,6.40,6.57,102800,6.197843
2012-09-28,6.36,6.45,6.25,6.39,71600,6.028039
2012-09-27,6.45,6.49,6.38,6.41,63900,6.046906
2012-09-26,6.49,6.49,6.38,6.43,78900,6.065773
2012-09-25,6.61,6.68,6.42,6.46,119500,6.094074
2012-09-24,6.54,6.70,6.53,6.58,70500,6.207276
2012-09-21,6.65,6.65,6.32,6.58,328200,6.207276
2012-09-20,6.52,6.58,6.45,6.55,52600,6.178976
2012-09-19,6.69,6.78,6.53,6.58,199600,6.207276
2012-09-18,6.60,6.72,6.53,6.69,106900,6.311046
2012-09-17,6.58,6.62,6.42,6.61,156900,6.235577
2012-09-14,6.62,6.69,6.46,6.62,178200,6.245011
2012-09-13,6.47,6.65,6.44,6.57,111800,6.197843
2012-09-12,6.51,6.51,6.40,6.48,99000,6.112941
2012-09-11,6.46,6.53,6.43,6.49,92800,6.122374
2012-09-10,6.45,6.53,6.38,6.44,101500,6.075207
2012-09-07,6.49,6.49,6.38,6.43,144300,6.065773
2012-09-06,6.48,6.54,6.39,6.45,160600,6.08464
2012-09-05,6.30,6.44,6.12,6.41,161500,6.046906
2012-09-04,6.15,6.36,6.14,6.32,170400,5.962004
2012-08-31,6.20,6.20,6.06,6.12,97900,5.773333
2012-08-30,6.16,6.17,6.09,6.13,45300,5.782767
2012-08-29,6.17,6.24,6.13,6.19,91400,5.839368
2012-08-28,6.05,6.19,6.04,6.17,185200,5.820501
2012-08-27,6.09,6.10,6.06,6.07,196300,5.726166
2012-08-24,5.97,6.08,5.96,6.07,117400,5.726166
2012-08-23,6.15,6.17,5.99,5.99,319800,5.650697
2012-08-22,6.23,6.27,6.15,6.18,196100,5.829934
2012-08-21,6.39,6.42,6.19,6.22,191100,5.867668
2012-08-20,6.51,6.51,6.34,6.40,120600,6.037473
2012-08-17,6.47,6.52,6.47,6.51,68700,6.141242
2012-08-16,6.49,6.53,6.36,6.50,83200,6.131808
2012-08-15,6.42,6.55,6.42,6.52,76600,6.150675
2012-08-14,6.58,6.62,6.42,6.46,91300,6.094074
2012-08-13,6.68,6.68,6.42,6.52,67500,6.150675
2012-08-10,6.87,6.91,6.63,6.67,39100,6.292178
2012-08-09,6.83,6.91,6.79,6.86,63700,6.471416
2012-08-08,6.78,6.91,6.78,6.86,100000,6.471416
2012-08-07,6.66,6.84,6.57,6.81,142200,6.424248
2012-08-06,6.68,6.74,6.57,6.60,198700,6.226143
2012-08-03,6.68,6.80,6.60,6.70,116900,6.320479
2012-08-02,6.59,6.68,6.50,6.56,141200,6.188409
2012-08-01,6.77,6.81,6.61,6.63,139900,6.254444
2012-07-31,6.53,6.76,6.49,6.72,137100,6.339346
2012-07-30,6.75,6.85,6.44,6.54,316300,6.169542
2012-07-27,6.20,6.80,6.18,6.70,600400,6.320479
2012-07-26,5.83,5.89,5.65,5.75,468600,5.424292
2012-07-25,5.85,5.97,5.72,5.76,291000,5.433725
2012-07-24,6.13,6.13,5.78,5.81,182300,5.480893
2012-07-23,6.14,6.22,6.08,6.11,105700,5.7639
2012-07-20,6.48,6.48,6.22,6.28,143900,5.92427
2012-07-19,6.63,6.63,6.50,6.55,76900,6.178976
2012-07-18,6.49,6.63,6.42,6.63,201400,6.254444
2012-07-17,6.55,6.57,6.45,6.52,146400,6.150675
2012-07-16,6.57,6.68,6.50,6.52,106200,6.150675
2012-07-13,6.57,6.81,6.57,6.61,110000,6.235577
2012-07-12,6.58,6.59,6.45,6.57,138100,6.197843
2012-07-11,6.71,6.76,6.58,6.65,97800,6.273311
2012-07-10,6.78,6.79,6.66,6.69,89600,6.311046
2012-07-09,6.73,6.78,6.63,6.71,129900,6.329913
2012-07-06,6.80,6.89,6.68,6.76,147000,6.377081
2012-07-05,6.67,6.92,6.60,6.90,114700,6.50915
2012-07-03,6.68,6.75,6.60,6.71,70100,6.329913
2012-07-02,6.60,6.71,6.57,6.71,236300,6.329913
2012-06-29,6.30,6.60,6.26,6.60,155400,6.226143
2012-06-28,6.19,6.28,6.13,6.25,99600,5.895969
2012-06-27,6.30,6.30,6.21,6.26,127400,5.905403
2012-06-26,6.24,6.30,6.16,6.28,64600,5.92427
2012-06-25,6.09,6.27,6.06,6.27,171500,5.914836
2012-06-22,6.02,6.25,6.02,6.15,1190300,5.801634
2012-06-21,6.23,6.23,6.00,6.11,182200,5.7639
2012-06-20,6.41,6.41,6.12,6.27,174500,5.914836
2012-06-19,6.27,6.43,6.22,6.42,100000,6.05634
2012-06-18,6.34,6.40,6.20,6.24,84100,5.886536
2012-06-15,6.36,6.42,6.29,6.38,156700,6.018606
2012-06-14,6.17,6.47,6.06,6.37,152900,6.009172
2012-06-13,6.24,6.33,6.12,6.17,167600,5.820501
2012-06-12,6.21,6.39,6.21,6.28,97200,5.92427
2012-06-11,6.48,6.69,6.19,6.19,202400,5.839368
2012-06-08,6.15,6.38,6.07,6.36,138000,5.999738
2012-06-07,6.36,6.42,6.04,6.18,204400,5.829934
2012-06-06,6.15,6.32,6.15,6.30,239700,5.943137
2012-06-05,6.08,6.14,6.00,6.12,194800,5.773333
2012-06-04,6.32,6.40,6.02,6.14,192300,5.7922
2012-06-01,6.39,6.58,6.27,6.29,277200,5.933703
2012-05-31,6.54,6.62,6.46,6.56,395000,6.188409
2012-05-30,6.61,6.62,6.53,6.56,141200,6.188409
2012-05-29,6.54,6.68,6.44,6.67,110700,6.292178
2012-05-25,6.40,6.55,6.38,6.51,173800,6.141242
2012-05-24,6.40,6.43,6.28,6.42,160300,6.05634
2012-05-23,6.27,6.44,6.21,6.38,98300,6.018606
2012-05-22,6.47,6.50,6.33,6.39,147700,6.028039
2012-05-21,6.24,6.48,6.23,6.46,172600,6.094074
2012-05-18,6.28,6.52,6.20,6.23,241700,5.877102
2012-05-17,6.54,6.65,6.28,6.30,349000,5.943137
2012-05-16,6.45,6.59,6.44,6.50,244000,6.131808
2012-05-15,6.39,6.45,6.32,6.43,155100,6.065773
2012-05-14,6.43,6.49,6.40,6.40,139000,6.037473
2012-05-11,6.47,6.61,6.47,6.53,116400,6.160109
2012-05-10,6.50,6.58,6.40,6.54,133000,6.169542
2012-05-09,6.40,6.49,6.35,6.45,122000,6.08464
2012-05-08,6.44,6.60,6.39,6.45,160800,6.08464
2012-05-07,6.50,6.64,6.49,6.50,145000,6.131808
2012-05-04,6.55,6.65,6.50,6.50,187800,6.131808
2012-05-03,6.71,6.72,6.37,6.45,246400,6.08464
2012-05-02,6.62,6.79,6.58,6.74,175000,6.358213
2012-05-01,6.99,7.19,6.67,6.70,329600,6.320479
2012-04-30,7.15,7.15,6.89,6.92,206900,6.528017
2012-04-27,7.26,7.26,6.90,7.19,171000,6.782723
2012-04-26,7.22,7.29,7.16,7.26,101500,6.848758
2012-04-25,7.27,7.34,7.19,7.24,112600,6.829891
2012-04-24,7.13,7.28,7.00,7.20,139500,6.792156
2012-04-23,7.12,7.12,6.96,7.09,185000,6.688388
2012-04-20,7.40,7.40,7.13,7.21,100900,6.80159
2012-04-19,7.40,7.44,7.17,7.22,102900,6.811024
2012-04-18,7.42,7.49,7.35,7.40,109600,6.980828
2012-04-17,7.47,7.50,7.31,7.42,99400,6.999695
2012-04-16,7.47,7.64,7.38,7.38,136400,6.961961
2012-04-13,7.44,7.50,7.29,7.47,185100,7.046862
2012-04-12,7.43,7.66,7.25,7.49,154900,7.065729
2012-04-11,7.16,7.45,7.13,7.44,188200,7.018562
2012-04-10,7.20,7.40,7.08,7.10,244600,6.697821
2012-04-09,7.21,7.31,7.12,7.19,300400,6.782723
2012-04-05,7.42,7.45,7.23,7.31,299000,6.895926
2012-04-04,7.36,7.53,7.27,7.39,201700,6.971394
2012-04-03,7.54,7.66,7.36,7.48,356500,7.056296
2012-04-02,7.59,7.61,7.41,7.52,269400,7.09403
2012-03-30,7.68,7.74,7.55,7.59,163900,7.160065
2012-03-29,7.52,7.65,7.30,7.63,215700,7.197799
2012-03-28,7.64,7.70,7.50,7.58,138300,7.150631
2012-03-27,7.63,7.66,7.46,7.60,162600,7.169499
2012-03-26,7.45,7.60,7.42,7.60,188000,7.169499
2012-03-23,7.29,7.33,7.22,7.32,126600,6.905359
2012-03-22,7.19,7.35,7.17,7.31,331100,6.895926
2012-03-21,7.25,7.30,7.16,7.22,108900,6.811024
2012-03-20,7.25,7.30,7.18,7.20,180400,6.792156
2012-03-19,7.05,7.30,7.03,7.29,262400,6.877059
2012-03-16,7.10,7.15,6.95,7.05,234200,6.650654
2012-03-15,6.97,7.11,6.95,7.08,310600,6.678954
2012-03-14,7.07,7.10,6.79,6.95,126200,6.556318
2012-03-13,6.95,7.09,6.94,7.07,306700,6.669521
2012-03-12,6.79,6.93,6.64,6.89,228900,6.499716
2012-03-09,6.37,6.85,6.25,6.71,495900,6.329913
2012-03-08,6.25,6.33,6.09,6.28,104700,5.92427
2012-03-07,6.10,6.22,6.08,6.22,93000,5.867668
2012-03-06,6.09,6.14,6.04,6.05,126900,5.707298
2012-03-05,6.07,6.20,6.05,6.17,95600,5.820501
2012-03-02,6.25,6.40,6.00,6.09,143300,5.745033
2012-03-01,6.29,6.35,6.23,6.24,119400,5.886536
2012-02-29,6.34,6.40,6.23,6.23,139300,5.877102
2012-02-28,6.32,6.37,6.28,6.29,199600,5.933703
2012-02-27,6.30,6.36,6.23,6.28,111500,5.92427
2012-02-24,6.43,6.44,6.29,6.32,117300,5.962004
2012-02-23,6.14,6.38,6.14,6.37,168800,6.009172
2012-02-22,6.26,6.30,6.12,6.12,258400,5.773333
2012-02-21,6.28,6.42,6.12,6.28,181900,5.92427
2012-02-17,6.27,6.31,6.03,6.28,136700,5.92427
2012-02-16,6.02,6.30,5.98,6.22,153600,5.867668
2012-02-15,6.21,6.26,6.01,6.02,108600,5.678998
2012-02-14,6.18,6.22,6.05,6.19,77500,5.839368
2012-02-13,6.25,6.29,5.88,6.21,176900,5.858235
2012-02-10,6.01,6.26,5.96,6.16,246900,5.811067
2012-02-09,6.13,6.19,5.98,6.00,114500,5.660131
2012-02-08,6.28,6.28,6.05,6.10,279400,5.754466
2012-02-07,6.24,6.30,6.19,6.24,224100,5.886536
2012-02-06,6.37,6.40,6.22,6.25,141900,5.895969
2012-02-03,6.50,6.50,6.33,6.40,270800,6.037473
2012-02-02,6.32,6.50,6.32,6.44,169100,6.075207
2012-02-01,6.24,6.33,6.16,6.31,314200,5.952571
2012-01-31,6.45,6.45,6.06,6.17,294500,5.820501
2012-01-30,6.42,6.43,6.34,6.39,124100,6.028039
2012-01-27,6.47,6.50,6.41,6.47,137000,6.103507
2012-01-26,6.35,6.50,6.30,6.50,143400,6.131808
2012-01-25,6.21,6.35,6.19,6.34,79200,5.980871
2012-01-24,6.25,6.31,6.15,6.25,172500,5.895969
2012-01-23,6.26,6.35,6.21,6.29,114700,5.933703
2012-01-20,6.23,6.29,6.14,6.26,98900,5.905403
2012-01-19,6.20,6.37,6.19,6.24,188700,5.886536
2012-01-18,6.06,6.19,6.01,6.17,147700,5.820501
2012-01-17,6.04,6.09,5.97,6.07,186300,5.726166
2012-01-13,5.90,6.08,5.88,5.99,406500,5.650697
2012-01-12,5.45,6.06,5.45,5.95,452900,5.612963
2012-01-11,5.39,5.46,5.30,5.43,132400,5.122418
2012-01-10,5.47,5.47,5.34,5.43,119200,5.122418
2012-01-09,5.42,5.44,5.33,5.42,130700,5.112985
2012-01-06,5.42,5.49,5.33,5.40,108100,5.094118
2012-01-05,5.29,5.49,5.27,5.43,160700,5.122418
2012-01-04,5.22,5.44,5.16,5.34,145800,5.037516
2012-01-03,5.14,5.33,5.07,5.24,155100,4.94318
2011-12-30,5.15,5.15,4.96,4.97,170700,4.688475
2011-12-29,5.19,5.34,5.11,5.16,104500,4.867712
2011-12-28,5.48,5.50,5.21,5.22,74600,4.924313
2011-12-27,5.45,5.53,5.39,5.52,63400,5.20732
2011-12-23,5.54,5.54,5.40,5.49,43000,5.179019
2011-12-22,5.46,5.55,5.19,5.51,110100,5.197887
2011-12-21,5.40,5.45,5.30,5.43,104900,5.122418
2011-12-20,5.33,5.51,5.19,5.45,247900,5.141285
2011-12-19,5.18,5.59,5.12,5.18,296200,4.886579
2011-12-16,5.12,5.32,5.07,5.13,418300,4.839412
2011-12-15,5.09,5.10,4.89,5.04,105300,4.75451
2011-12-14,5.00,5.04,4.76,5.03,147600,4.745076
2011-12-13,5.19,5.23,5.00,5.07,161400,4.78281
2011-12-12,5.01,5.17,4.93,5.15,134900,4.858279
2011-12-09,4.78,5.13,4.76,5.09,328700,4.801678
2011-12-08,4.88,4.94,4.73,4.76,109300,4.49037
2011-12-07,4.72,4.98,4.72,4.96,162100,4.679041
2011-12-06,4.88,4.88,4.66,4.75,122100,4.480937
2011-12-05,4.88,4.95,4.76,4.89,126700,4.613006
2011-12-02,4.76,4.87,4.72,4.79,96100,4.518671
2011-12-01,4.92,4.96,4.65,4.67,137000,4.405468
2011-11-30,4.85,4.98,4.65,4.96,231600,4.679041
2011-11-29,4.66,4.67,4.55,4.61,89100,4.348867
2011-11-28,4.71,4.82,4.53,4.66,188600,4.396035
2011-11-25,4.48,4.57,4.45,4.54,65700,4.282832
2011-11-23,4.65,4.75,4.47,4.49,166400,4.235664
2011-11-22,4.74,4.84,4.68,4.70,110300,4.433769
2011-11-21,4.89,4.89,4.73,4.73,142500,4.46207
2011-11-18,4.93,5.04,4.62,5.01,127700,4.726209
2011-11-17,5.02,5.05,4.87,4.92,146200,4.641307
2011-11-16,5.04,5.15,4.80,5.04,132800,4.75451
2011-11-15,4.99,5.10,4.85,5.09,125000,4.801678
2011-11-14,5.10,5.13,4.80,5.02,126600,4.735643
2011-11-11,5.14,5.22,5.11,5.13,125400,4.839412
2011-11-10,5.13,5.19,4.98,5.07,260700,4.78281
2011-11-09,5.18,5.24,5.06,5.07,215400,4.78281
2011-11-08,5.13,5.42,5.09,5.38,359200,5.07525
2011-11-07,4.96,5.18,4.96,5.08,199100,4.792244
2011-11-04,4.94,5.00,4.85,4.98,91700,4.697908
2011-11-03,4.92,5.02,4.68,5.01,230700,4.726209
2011-11-02,4.69,4.92,4.69,4.84,256800,4.565839
2011-11-01,4.54,4.80,4.53,4.59,242000,4.33
2011-10-31,4.79,4.85,4.70,4.72,209900,4.452636
2011-10-28,4.90,4.94,4.82,4.87,195600,4.594139
2011-10-27,4.96,5.00,4.74,4.94,323800,4.660174
2011-10-26,4.71,4.87,4.40,4.85,220700,4.575272
2011-10-25,4.68,4.74,4.52,4.60,147300,4.339433
2011-10-24,4.55,4.75,4.52,4.74,181800,4.471503
2011-10-21,4.53,4.59,4.42,4.54,211000,4.282832
2011-10-20,4.41,4.54,4.34,4.42,265700,4.16963
2011-10-19,4.62,4.71,4.40,4.42,172500,4.16963
2011-10-18,4.70,4.74,4.55,4.63,218600,4.367734
2011-10-17,4.87,4.88,4.63,4.68,174700,4.414902
2011-10-14,4.96,4.96,4.80,4.91,118700,4.631873
2011-10-13,4.73,4.91,4.73,4.90,106700,4.62244
2011-10-12,4.81,4.88,4.70,4.78,185800,4.509237
2011-10-11,4.73,4.82,4.50,4.80,202200,4.528105
2011-10-10,4.25,4.96,4.25,4.79,395200,4.518671
2011-10-07,4.25,4.39,4.11,4.14,280000,3.90549
2011-10-06,4.24,4.32,4.18,4.22,282600,3.980958
2011-10-05,4.35,4.39,4.17,4.24,192800,3.999825
2011-10-04,3.88,4.32,3.79,4.32,424100,4.075294
2011-10-03,4.23,4.36,3.90,3.93,552000,3.707386
2011-09-30,4.43,4.49,4.25,4.29,240500,4.046993
2011-09-29,4.67,4.80,4.27,4.53,250200,4.273399
2011-09-28,4.78,4.93,4.50,4.51,269000,4.254532
2011-09-27,4.93,4.97,4.72,4.80,173300,4.528105
2011-09-26,4.65,4.85,4.60,4.83,132400,4.556405
2011-09-23,4.64,4.70,4.48,4.60,190000,4.339433
2011-09-22,4.41,4.64,4.40,4.61,344800,4.348867
2011-09-21,4.65,4.80,4.56,4.57,230200,4.311133
2011-09-20,4.90,4.95,4.65,4.66,249300,4.396035
2011-09-19,4.83,4.99,4.75,4.92,108400,4.641307
2011-09-16,4.93,4.97,4.87,4.94,648200,4.660174
2011-09-15,4.89,4.96,4.78,4.89,164000,4.613006
2011-09-14,4.93,4.93,4.75,4.83,222000,4.556405
2011-09-13,4.86,4.90,4.75,4.87,189100,4.594139
2011-09-12,4.56,4.85,4.51,4.84,212000,4.565839
2011-09-09,4.69,4.79,4.55,4.66,241500,4.396035
2011-09-08,4.82,4.91,4.72,4.76,158300,4.49037
2011-09-07,4.61,4.94,4.58,4.83,243900,4.556405
2011-09-06,4.50,4.61,4.39,4.51,516400,4.254532
2011-09-02,4.81,4.90,4.60,4.65,379200,4.386601
2011-09-01,5.27,5.27,4.93,4.99,263600,4.707342
2011-08-31,5.09,5.41,5.05,5.29,388600,4.990348
2011-08-30,5.07,5.11,4.95,5.05,103000,4.763943
2011-08-29,4.88,5.10,4.80,5.10,175100,4.811111
2011-08-26,4.62,4.91,4.62,4.79,241000,4.518671
2011-08-25,4.90,5.01,4.61,4.64,239600,4.377167
2011-08-24,4.82,4.90,4.64,4.87,108500,4.594139
2011-08-23,4.70,4.84,4.54,4.82,191200,4.546972
2011-08-22,4.52,4.68,4.42,4.66,481600,4.396035
2011-08-19,4.46,4.68,4.27,4.39,432700,4.141329
2011-08-18,4.83,4.86,4.48,4.54,449200,4.282832
2011-08-17,5.03,5.15,4.80,4.97,149400,4.688475
2011-08-16,5.11,5.11,4.95,5.01,223000,4.726209
2011-08-15,5.14,5.16,5.01,5.16,201400,4.867712
2011-08-12,5.13,5.13,4.97,5.08,214200,4.792244
2011-08-11,4.94,5.15,4.88,5.08,351300,4.792244
2011-08-10,5.05,5.14,4.88,4.90,537600,4.62244
2011-08-09,4.83,5.20,4.80,5.19,884500,4.896013
2011-08-08,5.18,5.28,4.70,4.70,738400,4.433769
2011-08-05,5.40,5.57,5.15,5.33,324300,5.028083
2011-08-04,5.75,5.78,5.29,5.31,587500,5.009215
2011-08-03,5.61,5.86,5.45,5.84,290500,5.509194
2011-08-02,5.84,5.91,5.57,5.57,443200,5.254488
2011-08-01,5.84,5.99,5.77,5.92,452000,5.584662
2011-07-29,5.72,5.77,5.48,5.75,653600,5.424292
2011-07-28,6.10,6.31,5.88,5.90,426400,5.565795
2011-07-27,6.30,6.36,6.03,6.15,333500,5.801634
2011-07-26,6.46,6.50,6.21,6.37,198200,6.009172
2011-07-25,6.48,6.49,6.40,6.44,127500,6.075207
2011-07-22,6.55,6.57,6.44,6.49,179700,6.122374
2011-07-21,6.54,6.64,6.50,6.56,286400,6.188409
2011-07-20,6.51,6.63,6.47,6.49,203000,6.122374
2011-07-19,6.58,6.76,6.49,6.50,489500,6.131808
2011-07-18,6.65,6.76,6.45,6.45,551800,6.08464
2011-07-15,6.91,6.97,6.63,6.71,413800,6.329913
2011-07-14,7.07,7.10,6.71,6.89,445500,6.499716
2011-07-13,6.69,7.09,6.65,6.98,1014800,6.584619
2011-07-12,6.42,6.63,6.35,6.62,400100,6.245011
2011-07-11,6.59,6.71,6.38,6.42,957200,6.05634
2011-07-08,6.45,6.45,6.27,6.40,229700,6.037473
2011-07-07,6.54,6.60,6.50,6.57,401200,6.197843
2011-07-06,6.26,6.62,6.11,6.51,687000,6.141242
2011-07-05,5.91,6.33,5.79,6.30,983600,5.943137
2011-07-01,5.61,5.88,5.56,5.88,342500,5.546928
2011-06-30,5.47,5.65,5.36,5.61,317800,5.292222
2011-06-29,5.61,5.63,5.39,5.42,484200,5.112985
2011-06-28,5.64,5.75,5.55,5.60,459200,5.282788
2011-06-27,5.47,5.64,5.43,5.60,603200,5.282788
2011-06-24,5.53,5.55,5.40,5.43,1724200,5.122418
2011-06-23,5.36,5.53,5.27,5.51,170100,5.197887
2011-06-22,5.49,5.63,5.41,5.44,165300,5.131852
2011-06-21,5.51,5.53,5.41,5.51,330500,5.197887
2011-06-20,5.56,5.78,5.43,5.49,318200,5.179019
2011-06-17,5.63,5.87,5.53,5.59,413500,5.273355
2011-06-16,5.53,5.65,5.47,5.57,306200,5.254488
2011-06-15,5.53,5.67,5.49,5.53,286500,5.216754
2011-06-14,5.70,5.74,5.48,5.56,452100,5.245054
2011-06-13,5.35,5.70,5.31,5.63,682900,5.311089
2011-06-10,5.25,5.33,5.14,5.32,211600,5.018649
2011-06-09,5.20,5.30,5.15,5.25,132800,4.952614
2011-06-08,5.10,5.19,5.05,5.17,168900,4.877146
2011-06-07,5.15,5.25,5.11,5.12,112600,4.829978
2011-06-06,5.08,5.20,5.03,5.11,286200,4.820545
2011-06-03,5.15,5.15,5.02,5.06,279700,4.773377
2011-06-02,5.20,5.25,5.09,5.19,117400,4.896013
2011-06-01,5.34,5.40,5.19,5.20,177900,4.905446
2011-05-31,5.25,5.38,5.24,5.35,358700,5.04695
2011-05-27,5.20,5.27,5.11,5.22,253200,4.924313
2011-05-26,5.00,5.19,5.00,5.16,242400,4.867712
2011-05-25,4.96,5.07,4.96,5.04,194500,4.75451
2011-05-24,5.03,5.03,4.95,5.01,118000,4.726209
2011-05-23,4.99,5.09,4.93,5.00,717400,4.716775
2011-05-20,5.02,5.08,4.99,5.01,129500,4.726209
2011-05-19,4.98,5.16,4.97,5.04,175100,4.75451
2011-05-18,4.95,5.07,4.93,4.97,87000,4.688475
2011-05-17,4.90,5.03,4.90,4.95,284100,4.669607
2011-05-16,4.90,4.98,4.90,4.91,162000,4.631873
2011-05-13,5.04,5.10,4.91,4.93,130100,4.65074
2011-05-12,4.97,5.10,4.94,5.02,234900,4.735643
2011-05-11,4.99,5.01,4.95,4.99,148100,4.707342
2011-05-10,4.98,5.01,4.97,5.01,58500,4.726209
2011-05-09,4.96,4.97,4.92,4.97,67800,4.688475
2011-05-06,5.00,5.00,4.91,4.95,110000,4.669607
2011-05-05,4.96,5.02,4.87,4.91,157600,4.631873
2011-05-04,4.92,5.03,4.84,4.98,235000,4.697908
2011-05-03,4.90,4.94,4.82,4.90,164700,4.62244
2011-05-02,4.92,5.01,4.85,4.90,141500,4.62244
2011-04-29,5.15,5.15,4.85,4.91,262000,4.631873
2011-04-28,4.99,5.05,4.93,5.01,88600,4.726209
2011-04-27,5.09,5.13,4.96,5.02,83100,4.735643
2011-04-26,5.01,5.18,5.01,5.09,173000,4.801678
2011-04-25,4.98,5.05,4.98,4.99,63500,4.707342
2011-04-21,5.11,5.11,4.97,5.00,67000,4.716775
2011-04-20,5.01,5.12,4.94,5.07,127200,4.78281
2011-04-19,4.93,4.95,4.86,4.91,89600,4.631873
2011-04-18,4.99,4.99,4.88,4.90,159900,4.62244
2011-04-15,4.93,5.04,4.86,5.02,211500,4.735643
2011-04-14,4.88,4.97,4.87,4.96,64300,4.679041
2011-04-13,4.95,5.03,4.85,4.92,116100,4.641307
2011-04-12,4.93,5.04,4.90,4.93,102200,4.65074
2011-04-11,5.03,5.04,4.91,4.97,150700,4.688475
2011-04-08,5.17,5.17,4.99,5.04,198300,4.75451
2011-04-07,5.15,5.24,5.03,5.14,223900,4.848845
2011-04-06,5.09,5.24,5.05,5.16,235000,4.867712
2011-04-05,5.09,5.10,5.03,5.06,87900,4.773377
2011-04-04,5.06,5.15,4.93,5.11,247400,4.820545
2011-04-01,5.19,5.19,5.00,5.01,115900,4.726209
2011-03-31,5.09,5.19,5.01,5.16,168500,4.867712
2011-03-30,5.06,5.10,4.97,5.10,138700,4.811111
2011-03-29,4.99,5.12,4.99,5.02,132200,4.735643
2011-03-28,5.29,5.29,4.93,5.00,150600,4.716775
2011-03-25,5.06,5.13,4.86,5.03,136800,4.745076
2011-03-24,4.94,5.05,4.92,5.04,163500,4.75451
2011-03-23,4.91,4.96,4.87,4.91,163000,4.631873
2011-03-22,4.88,4.95,4.81,4.94,189000,4.660174
2011-03-21,4.82,4.87,4.76,4.86,157000,4.584706
2011-03-18,4.75,4.75,4.62,4.75,279200,4.480937
2011-03-17,4.74,4.74,4.61,4.73,176100,4.46207
2011-03-16,4.77,4.85,4.64,4.64,174600,4.377167
2011-03-15,4.64,4.77,4.63,4.76,188400,4.49037
2011-03-14,4.79,4.85,4.71,4.80,120200,4.528105
2011-03-11,4.83,4.88,4.75,4.88,148500,4.603573
2011-03-10,4.89,4.95,4.84,4.86,183700,4.584706
2011-03-09,4.93,4.97,4.87,4.94,75700,4.660174
2011-03-08,4.88,5.00,4.85,4.92,165900,4.641307
2011-03-07,4.98,5.09,4.88,4.90,236000,4.62244
2011-03-04,4.98,4.98,4.85,4.96,182100,4.679041
2011-03-03,4.98,5.01,4.86,4.99,224800,4.707342
2011-03-02,4.91,4.93,4.82,4.89,152300,4.613006
2011-03-01,5.03,5.03,4.88,4.91,211500,4.631873
2011-02-28,5.08,5.15,4.98,5.01,363700,4.726209
2011-02-25,4.91,5.04,4.91,5.03,231300,4.745076
2011-02-24,4.78,4.94,4.71,4.89,465300,4.613006
2011-02-23,4.81,4.87,4.69,4.78,557000,4.509237
2011-02-22,4.80,4.96,4.70,4.80,488800,4.528105
2011-02-18,5.31,5.34,4.76,4.86,939700,4.584706
2011-02-17,5.10,5.22,5.06,5.20,319600,4.905446
2011-02-16,5.09,5.12,5.05,5.08,95800,4.792244
2011-02-15,5.00,5.11,4.99,5.02,189600,4.735643
2011-02-14,5.02,5.13,4.99,4.99,228300,4.707342
2011-02-11,4.86,5.15,4.86,5.01,488000,4.726209
2011-02-10,4.75,4.87,4.73,4.86,178500,4.584706
2011-02-09,4.84,4.88,4.77,4.79,126900,4.518671
2011-02-08,4.75,4.87,4.75,4.84,174700,4.565839
2011-02-07,4.68,4.81,4.67,4.78,492200,4.509237
2011-02-04,4.69,4.73,4.65,4.66,227100,4.396035
2011-02-03,4.71,4.74,4.65,4.68,125700,4.414902
2011-02-02,4.74,4.81,4.69,4.70,132100,4.433769
2011-02-01,4.68,4.81,4.68,4.78,296000,4.509237
2011-01-31,4.76,4.77,4.63,4.66,302400,4.396035
2011-01-28,4.95,4.97,4.55,4.70,853400,4.433769
2011-01-27,5.00,5.01,4.92,4.95,93600,4.669607
2011-01-26,4.92,5.01,4.79,5.00,117400,4.716775
2011-01-25,4.85,4.98,4.85,4.89,135900,4.613006
2011-01-24,5.05,5.07,4.89,4.90,198400,4.62244
2011-01-21,5.09,5.15,5.02,5.02,140500,4.735643
2011-01-20,5.05,5.17,4.91,5.04,287600,4.75451
2011-01-19,5.10,5.20,4.99,5.09,277000,4.801678
2011-01-18,5.21,5.21,4.90,5.09,767400,4.801678
2011-01-14,5.31,5.31,5.20,5.25,160300,4.952614
2011-01-13,5.41,5.46,5.29,5.30,209100,4.999782
2011-01-12,5.45,5.50,5.31,5.40,230900,5.094118
2011-01-11,5.44,5.44,5.22,5.38,353400,5.07525
2011-01-10,4.97,5.46,4.95,5.37,1037200,5.065817
2011-01-07,4.74,4.92,4.70,4.92,282000,4.641307
2011-01-06,4.71,4.84,4.67,4.71,207400,4.443202
2011-01-05,4.66,4.71,4.63,4.70,217000,4.433769
2011-01-04,4.75,4.76,4.56,4.66,445000,4.396035
2011-01-03,4.72,4.82,4.62,4.72,405600,4.452636
2010-12-31,4.68,4.70,4.60,4.63,305300,4.367734
2010-12-30,4.68,4.78,4.68,4.71,189600,4.443202
2010-12-29,4.79,4.79,4.70,4.70,180200,4.433769
2010-12-28,4.96,4.96,4.79,4.79,206200,4.518671
2010-12-27,4.99,5.00,4.88,4.97,153100,4.688475
2010-12-23,4.96,5.07,4.92,4.99,145900,4.707342
2010-12-22,5.15,5.21,4.93,4.95,314000,4.669607
2010-12-21,5.06,5.17,5.04,5.12,180500,4.829978
2010-12-20,5.14,5.15,5.05,5.06,224200,4.773377
2010-12-17,4.94,5.14,4.87,5.13,489300,4.839412
2010-12-16,4.75,4.93,4.74,4.92,278200,4.641307
2010-12-15,4.83,4.87,4.72,4.74,278900,4.471503
2010-12-14,5.05,5.05,4.83,4.86,196800,4.584706
2010-12-13,5.03,5.05,5.00,5.01,284500,4.726209
2010-12-10,4.94,4.99,4.89,4.98,280900,4.697908
2010-12-09,4.99,5.05,4.88,4.91,187200,4.631873
2010-12-08,5.10,5.15,4.91,4.91,315300,4.631873
2010-12-07,5.10,5.28,5.10,5.11,239400,4.820545
2010-12-06,5.07,5.08,4.95,5.00,243100,4.716775
2010-12-03,5.11,5.20,4.94,5.10,284700,4.811111
2010-12-02,5.22,5.38,5.12,5.15,409200,4.858279
2010-12-01,5.03,5.23,4.99,5.20,373800,4.905446
2010-11-30,4.95,4.98,4.85,4.94,274600,4.660174
2010-11-29,4.96,5.06,4.95,5.01,295500,4.726209
2010-11-26,4.96,5.08,4.93,4.98,73900,4.697908
2010-11-24,5.15,5.24,4.99,5.00,262800,4.716775
2010-11-23,5.24,5.33,5.02,5.06,325800,4.773377
2010-11-22,5.19,5.50,5.13,5.31,562400,5.009215
2010-11-19,5.16,5.28,5.02,5.23,365900,4.933747
2010-11-18,5.03,5.25,5.03,5.17,463400,4.877146
2010-11-17,4.78,5.00,4.69,4.96,251800,4.679041
2010-11-16,4.77,4.84,4.70,4.75,462200,4.480937
2010-11-15,4.97,5.04,4.84,4.84,249700,4.565839
2010-11-12,5.03,5.20,4.67,4.92,443600,4.641307
2010-11-11,5.00,5.24,4.84,5.12,707200,4.829978
2010-11-10,4.83,5.01,4.60,4.94,470400,4.660174
2010-11-09,5.02,5.05,4.71,4.83,355300,4.556405
2010-11-08,4.95,4.99,4.85,4.98,243400,4.697908
2010-11-05,4.82,5.12,4.82,4.97,658800,4.688475
2010-11-04,4.59,4.79,4.56,4.79,383400,4.518671
2010-11-03,4.48,4.53,4.42,4.52,142800,4.263965
2010-11-02,4.36,4.49,4.30,4.48,276600,4.226231
2010-11-01,4.57,4.58,4.26,4.32,148500,4.075294
2010-10-29,4.43,4.59,4.37,4.56,190400,4.301699
2010-10-28,4.53,4.59,4.44,4.44,92500,4.188497
2010-10-27,4.65,4.66,4.45,4.49,109800,4.235664
2010-10-26,4.60,4.76,4.50,4.69,121700,4.424335
2010-10-25,4.70,4.71,4.60,4.65,107100,4.386601
2010-10-22,4.69,4.72,4.60,4.64,84700,4.377167
2010-10-21,4.70,4.74,4.58,4.65,250000,4.386601
2010-10-20,4.49,4.67,4.34,4.66,181300,4.396035
2010-10-19,4.55,4.66,4.40,4.47,115900,4.216797
2010-10-18,4.68,4.68,4.61,4.64,181900,4.377167
2010-10-15,4.75,4.80,4.57,4.66,205000,4.396035
2010-10-14,4.68,4.78,4.56,4.67,191500,4.405468
2010-10-13,4.48,4.76,4.42,4.67,418300,4.405468
2010-10-12,4.41,4.53,4.23,4.46,215000,4.207364
2010-10-11,4.35,4.56,4.19,4.42,372200,4.16963
2010-10-08,4.23,4.39,4.22,4.39,311000,4.141329
2010-10-07,4.20,4.26,4.13,4.25,248300,4.009259
2010-10-06,4.19,4.24,4.15,4.17,365100,3.933791
2010-10-05,4.15,4.21,4.07,4.21,295100,3.971525
2010-10-04,4.07,4.16,4.00,4.12,282500,3.886623
2010-10-01,4.04,4.15,4.01,4.11,290600,3.87719
2010-09-30,4.00,4.04,3.94,4.01,573400,3.782854
2010-09-29,3.93,4.00,3.88,3.98,297100,3.754553
2010-09-28,3.96,4.00,3.78,3.96,226700,3.735686
2010-09-27,3.92,3.97,3.84,3.94,153800,3.716819
2010-09-24,3.87,3.94,3.84,3.92,236000,3.697952
2010-09-23,3.80,3.84,3.74,3.78,285900,3.565882
2010-09-22,3.88,3.94,3.79,3.86,408800,3.641351
2010-09-21,3.97,3.97,3.86,3.92,412100,3.697952
2010-09-20,3.80,3.99,3.76,3.97,320300,3.74512
2010-09-17,3.67,3.86,3.67,3.77,763400,3.556449
2010-09-16,3.61,3.64,3.56,3.60,116300,3.396078
2010-09-15,3.54,3.66,3.50,3.63,340900,3.424379
2010-09-14,3.66,3.68,3.54,3.55,344000,3.348911
2010-09-13,3.51,3.70,3.47,3.64,445100,3.433813
2010-09-10,3.49,3.56,3.44,3.46,97400,3.264009
2010-09-09,3.59,3.67,3.47,3.48,155800,3.282876
2010-09-08,3.55,3.65,3.51,3.52,125300,3.32061
2010-09-07,3.69,3.69,3.51,3.54,185200,3.339477
2010-09-03,3.68,3.72,3.61,3.69,235300,3.48098
2010-09-02,3.43,3.66,3.43,3.56,361500,3.358344
2010-09-01,3.36,3.46,3.28,3.40,269100,3.207407
2010-08-31,3.27,3.41,3.20,3.27,311800,3.084771
2010-08-30,3.39,3.44,3.29,3.29,115800,3.103638
2010-08-27,3.37,3.44,3.29,3.41,163800,3.216841
2010-08-26,3.34,3.48,3.30,3.30,238100,3.113072
2010-08-25,3.30,3.35,3.19,3.33,193800,3.141372
2010-08-24,3.24,3.42,3.15,3.35,416100,3.160239
2010-08-23,3.51,3.53,3.30,3.30,136300,3.113072
2010-08-20,3.48,3.54,3.36,3.48,358000,3.282876
2010-08-19,3.53,3.60,3.44,3.50,325300,3.301743
2010-08-18,3.51,3.64,3.43,3.57,299200,3.367778
2010-08-17,3.57,3.67,3.50,3.52,224100,3.32061
2010-08-16,3.59,3.63,3.50,3.55,189100,3.348911
2010-08-13,3.55,3.76,3.51,3.63,371500,3.424379
2010-08-12,3.52,3.64,3.50,3.56,203300,3.358344
2010-08-11,3.68,3.81,3.58,3.58,307900,3.377211
2010-08-10,3.69,3.92,3.66,3.80,418500,3.584749
2010-08-09,3.60,3.73,3.60,3.65,291800,3.443246
2010-08-06,3.58,3.72,3.53,3.57,337400,3.367778
2010-08-05,3.83,3.89,3.63,3.64,355600,3.433813
2010-08-04,4.00,4.04,3.83,3.84,597900,3.622483
2010-08-03,4.06,4.22,3.97,4.00,276900,3.77342
2010-08-02,4.13,4.22,4.04,4.10,398300,3.867756
2010-07-30,4.42,4.42,3.97,4.04,1075100,3.811155
2010-07-29,4.71,4.71,4.39,4.54,291700,4.282832
2010-07-28,4.62,4.68,4.50,4.66,321600,4.396035
2010-07-27,4.43,4.73,4.36,4.65,334200,4.386601
2010-07-26,4.25,4.41,4.16,4.39,305000,4.141329
2010-07-23,4.21,4.31,4.13,4.25,484900,4.009259
2010-07-22,4.10,4.21,4.07,4.19,495600,3.952658
2010-07-21,4.21,4.21,4.01,4.04,97400,3.811155
2010-07-20,3.82,4.14,3.82,4.14,134000,3.90549
2010-07-19,4.01,4.04,3.85,3.90,92800,3.679085
2010-07-16,4.16,4.17,3.99,4.00,204500,3.77342
2010-07-15,4.20,4.23,4.08,4.22,212200,3.980958
2010-07-14,4.21,4.28,4.17,4.18,216300,3.943224
2010-07-13,4.19,4.26,4.09,4.25,200000,4.009259
2010-07-12,4.15,4.19,4.03,4.09,160500,3.858322
2010-07-09,3.92,4.17,3.88,4.16,202800,3.924357
2010-07-08,4.05,4.12,3.79,3.92,286300,3.697952
2010-07-07,3.71,3.99,3.71,3.98,387700,3.754553
2010-07-06,4.28,4.38,3.68,3.70,501500,3.490414
2010-07-02,4.22,4.25,4.08,4.17,233300,3.933791
2010-07-01,4.19,4.24,3.95,4.19,198100,3.952658
2010-06-30,4.31,4.43,4.03,4.18,354100,3.943224
2010-06-29,4.68,4.70,4.25,4.29,364400,4.046993
2010-06-28,4.66,4.89,4.60,4.82,244900,4.546972
2010-06-25,4.48,4.71,4.42,4.68,805300,4.414902
2010-06-24,4.45,4.53,4.40,4.46,219000,4.207364
2010-06-23,4.47,4.59,4.44,4.51,170100,4.254532
2010-06-22,4.63,4.69,4.48,4.50,289600,4.245098
2010-06-21,4.73,4.79,4.59,4.62,327400,4.3583
2010-06-18,4.56,4.68,4.48,4.62,231700,4.3583
2010-06-17,4.38,4.54,4.22,4.53,203000,4.273399
2010-06-16,4.42,4.50,4.27,4.33,201100,4.084727
2010-06-15,4.32,4.60,4.22,4.50,631500,4.245098
2010-06-14,4.40,4.47,4.18,4.30,375300,4.056427
2010-06-11,4.08,4.42,4.08,4.33,456000,4.084727
2010-06-10,4.10,4.16,3.98,4.16,1020700,3.924357
2010-06-09,4.09,4.18,3.91,4.00,429000,3.77342
2010-06-08,4.19,4.20,3.85,4.01,685100,3.782854
2010-06-07,4.51,4.53,4.13,4.18,418400,3.943224
2010-06-04,4.76,4.91,4.44,4.49,311600,4.235664
2010-06-03,4.99,5.08,4.90,4.98,184600,4.697908
2010-06-02,4.80,5.03,4.76,4.95,331500,4.669607
2010-06-01,4.73,4.81,4.54,4.78,272900,4.509237
2010-05-28,4.81,4.97,4.75,4.84,238800,4.565839
2010-05-27,4.64,4.85,4.48,4.84,263100,4.565839
2010-05-26,4.40,4.67,4.40,4.50,480300,4.245098
2010-05-25,4.31,4.34,4.15,4.31,507300,4.06586
2010-05-24,4.66,4.79,4.47,4.47,394200,4.216797
2010-05-21,4.49,4.78,4.39,4.65,544600,4.386601
2010-05-20,4.63,4.79,4.47,4.60,531300,4.339433
2010-05-19,4.42,4.75,4.33,4.71,578300,4.443202
2010-05-18,4.71,4.80,4.37,4.46,366100,4.207364
2010-05-17,4.84,4.93,4.45,4.62,436000,4.3583
2010-05-14,5.07,5.07,4.71,4.79,281500,4.518671
2010-05-13,5.23,5.34,5.08,5.14,293400,4.848845
2010-05-12,4.87,5.28,4.87,5.27,458800,4.971481
2010-05-11,4.65,4.93,4.60,4.86,375000,4.584706
2010-05-10,4.67,4.92,4.64,4.77,478900,4.499804
2010-05-07,4.59,4.68,4.00,4.36,562700,4.113028
2010-05-06,4.92,4.98,4.07,4.61,534500,4.348867
2010-05-05,4.95,5.09,4.77,4.95,434100,4.669607
2010-05-04,5.30,5.30,4.90,4.97,987900,4.688475
2010-05-03,5.45,5.56,5.35,5.41,337500,5.103551
2010-04-30,6.11,6.13,5.43,5.43,855200,5.122418
2010-04-29,5.62,5.98,5.58,5.91,393000,5.575228
2010-04-28,5.88,6.04,5.52,5.61,540000,5.292222
2010-04-27,6.34,6.34,5.80,5.84,480500,5.509194
2010-04-26,6.33,6.60,6.33,6.34,666500,5.980871
2010-04-23,6.05,6.33,5.95,6.29,631700,5.933703
2010-04-22,5.64,6.10,5.61,6.01,436300,5.669564
2010-04-21,5.79,5.97,5.68,5.75,355300,5.424292
2010-04-20,5.51,5.78,5.51,5.77,394500,5.443159
2010-04-19,5.65,5.86,5.30,5.50,566000,5.188453
2010-04-16,5.92,6.14,5.50,5.70,645400,5.377124
2010-04-15,6.30,6.38,5.83,5.99,549000,5.650697
2010-04-14,6.35,6.40,6.21,6.33,396700,5.971438
2010-04-13,6.23,6.31,6.07,6.31,382800,5.952571
2010-04-12,6.08,6.23,5.83,6.22,547800,5.867668
2010-04-09,5.97,6.05,5.86,5.99,470500,5.650697
2010-04-08,5.74,5.95,5.65,5.94,369300,5.603529
2010-04-07,5.70,5.82,5.64,5.75,629600,5.424292
2010-04-06,5.80,5.95,5.66,5.69,711300,5.36769
2010-04-05,5.39,5.83,5.32,5.80,1447000,5.47146
2010-04-01,5.34,5.40,5.27,5.33,683200,5.028083
2010-03-31,5.21,5.39,5.17,5.30,597000,4.999782
2010-03-30,5.31,5.35,5.18,5.27,298300,4.971481
2010-03-29,5.28,5.40,5.25,5.28,259700,4.980915
2010-03-26,5.23,5.40,5.19,5.25,422400,4.952614
2010-03-25,5.07,5.33,5.05,5.18,753200,4.886579
2010-03-24,4.76,5.08,4.73,5.00,576300,4.716775
2010-03-23,4.88,5.00,4.70,4.76,557200,4.49037
2010-03-22,4.25,4.93,4.25,4.84,491500,4.565839
2010-03-19,4.24,4.48,4.21,4.24,623700,3.999825
2010-03-18,4.32,4.52,4.31,4.43,209600,4.179063
2010-03-17,4.24,4.39,4.24,4.29,168600,4.046993
2010-03-16,4.27,4.36,4.19,4.24,170500,3.999825
2010-03-15,4.48,4.48,4.18,4.27,403700,4.028126
2010-03-12,4.50,4.53,4.40,4.50,180900,4.245098
2010-03-11,4.51,4.64,4.43,4.49,230700,4.235664
2010-03-10,4.33,4.59,4.33,4.51,446000,4.254532
2010-03-09,4.49,4.59,4.28,4.34,435000,4.094161
2010-03-08,4.24,4.59,4.20,4.50,551400,4.245098
2010-03-05,4.18,4.20,4.03,4.17,320600,3.933791
2010-03-04,3.86,4.53,3.78,4.13,986400,3.896057
2010-03-03,3.82,3.92,3.70,3.87,366100,3.650784
2010-03-02,3.87,3.98,3.74,3.80,404100,3.584749
2010-03-01,3.64,3.88,3.63,3.88,459000,3.660218
2010-02-26,3.51,3.63,3.35,3.62,532000,3.414945
2010-02-25,3.49,3.50,3.39,3.50,309400,3.301743
2010-02-24,3.71,3.76,3.48,3.55,524800,3.348911
2010-02-23,3.63,3.71,3.55,3.70,396100,3.490414
2010-02-22,3.85,3.92,3.60,3.62,544400,3.414945
2010-02-19,3.75,4.10,3.34,3.82,1845700,3.603616
2010-02-18,3.38,3.76,3.25,3.76,1085300,3.547015
2010-02-17,3.22,3.38,3.20,3.29,533000,3.103638
2010-02-16,3.15,3.20,3.01,3.20,616500,3.018736
2010-02-12,3.01,3.13,2.97,3.13,430700,2.952702
2010-02-11,3.06,3.08,2.90,3.05,358800,2.877233
2010-02-10,2.77,3.10,2.77,3.08,1534100,2.905534
2010-02-09,2.70,2.86,2.66,2.77,1325300,2.613094
2010-02-08,2.66,2.66,2.62,2.63,397300,2.481024
2010-02-05,2.61,2.70,2.57,2.66,518800,2.509325
2010-02-04,2.71,2.73,2.64,2.66,413900,2.509325
2010-02-03,2.65,2.82,2.65,2.74,518900,2.584793
2010-02-02,2.69,2.73,2.61,2.66,558100,2.509325
2010-02-01,2.80,2.80,2.65,2.70,312900,2.547059
2010-01-29,2.77,2.83,2.72,2.79,613500,2.631961
2010-01-28,2.89,2.89,2.71,2.76,490800,2.60366
2010-01-27,2.78,2.88,2.78,2.88,412700,2.716863
2010-01-26,2.90,2.91,2.77,2.79,576300,2.631961
2010-01-25,3.07,3.13,2.91,2.93,725000,2.76403
2010-01-22,3.06,3.12,3.02,3.03,285800,2.858366
2010-01-21,3.13,3.17,3.04,3.08,376100,2.905534
2010-01-20,3.09,3.17,2.98,3.11,500600,2.933834
2010-01-19,2.99,3.14,2.91,3.14,736800,2.962135
2010-01-15,2.97,3.15,2.80,3.03,1106400,2.858366
2010-01-14,2.94,3.11,2.93,3.00,630000,2.830065
2010-01-13,2.84,2.99,2.79,2.96,1003500,2.792331
2010-01-12,2.71,2.89,2.71,2.80,349000,2.641394
2010-01-11,3.12,3.16,2.75,2.75,906800,2.594226
2010-01-08,2.59,2.86,2.53,2.77,591400,2.613094
2010-01-07,2.63,2.63,2.51,2.59,360200,2.44329
2010-01-06,2.47,2.65,2.42,2.59,614100,2.44329
2010-01-05,2.42,2.51,2.28,2.43,785700,2.292353
2010-01-04,2.25,2.44,2.11,2.42,682000,2.282919
2009-12-31,2.18,2.18,2.06,2.09,440800,1.971612
2009-12-30,2.12,2.16,2.09,2.11,460000,1.990479
2009-12-29,2.19,2.20,2.12,2.14,312900,2.01878
2009-12-28,2.26,2.35,2.12,2.19,427600,2.065948
2009-12-24,2.35,2.35,2.23,2.29,218700,2.160283
2009-12-23,2.63,2.73,2.34,2.35,943100,2.216884
2009-12-22,2.68,2.74,2.64,2.69,200000,2.537625
2009-12-21,2.57,2.71,2.57,2.68,208800,2.528192
2009-12-18,2.57,2.73,2.54,2.54,693700,2.396122
2009-12-17,2.62,2.64,2.55,2.58,162900,2.433856
2009-12-16,2.64,2.70,2.57,2.64,145400,2.490458
2009-12-15,2.73,2.79,2.59,2.59,277800,2.44329
2009-12-14,2.57,2.70,2.52,2.70,302400,2.547059
2009-12-11,2.54,2.62,2.45,2.58,196400,2.433856
2009-12-10,2.40,2.60,2.38,2.48,333500,2.339521
2009-12-09,2.39,2.45,2.32,2.37,146500,2.235751
2009-12-08,2.42,2.42,2.35,2.39,141600,2.254619
2009-12-07,2.33,2.46,2.32,2.44,242400,2.301786
2009-12-04,2.24,2.44,2.21,2.34,263500,2.207451
2009-12-03,2.20,2.23,2.11,2.17,228300,2.047081
2009-12-02,2.17,2.22,2.15,2.17,316600,2.047081
2009-12-01,2.25,2.28,2.09,2.16,763300,2.037647
2009-11-30,2.30,2.41,2.14,2.17,493000,2.047081
2009-11-27,2.29,2.40,2.26,2.29,100500,2.160283
2009-11-25,2.36,2.46,2.33,2.37,222600,2.235751
2009-11-24,2.32,2.43,2.28,2.36,450900,2.226318
2009-11-23,2.50,2.51,2.28,2.30,395000,2.169717
2009-11-20,2.71,2.81,2.31,2.41,2235500,2.273486
2009-11-19,2.82,2.85,2.74,2.74,124700,2.584793
2009-11-18,2.85,2.95,2.83,2.85,134100,2.688562
2009-11-17,2.92,2.96,2.84,2.84,154300,2.679128
2009-11-16,2.91,2.99,2.88,2.95,110800,2.782898
2009-11-13,2.89,2.94,2.80,2.86,153800,2.697995
2009-11-12,3.02,3.05,2.83,2.87,193000,2.707429
2009-11-11,3.09,3.11,2.97,3.04,92300,2.867799
2009-11-10,3.11,3.16,2.97,3.03,107300,2.858366
2009-11-09,3.06,3.17,3.01,3.15,116600,2.971569
2009-11-06,3.05,3.10,3.00,3.02,81100,2.848932
2009-11-05,2.99,3.16,2.97,3.10,143000,2.924401
2009-11-04,2.98,3.07,2.95,2.95,111200,2.782898
2009-11-03,2.95,3.00,2.90,2.96,109600,2.792331
2009-11-02,3.14,3.18,2.95,2.96,167200,2.792331
2009-10-30,3.19,3.42,3.01,3.11,315500,2.933834
2009-10-29,3.63,3.67,3.49,3.61,188100,3.405512
2009-10-28,3.72,3.78,3.58,3.58,135600,3.377211
2009-10-27,3.93,4.00,3.74,3.74,182900,3.528148
2009-10-26,3.94,4.09,3.83,3.92,115200,3.697952
2009-10-23,4.11,4.14,3.93,3.95,83500,3.726253
2009-10-22,4.09,4.11,3.90,4.10,111100,3.867756
2009-10-21,4.02,4.34,4.01,4.09,106600,3.858322
2009-10-20,4.07,4.12,4.00,4.03,78400,3.801721
2009-10-19,4.34,4.34,4.06,4.06,120100,3.830022
2009-10-16,4.37,4.44,4.25,4.29,84000,4.046993
2009-10-15,4.38,4.51,4.38,4.43,98500,4.179063
2009-10-14,4.51,4.53,4.40,4.43,111200,4.179063
2009-10-13,4.43,4.54,4.36,4.43,75800,4.179063
2009-10-12,4.45,4.52,4.41,4.43,62000,4.179063
2009-10-09,4.38,4.46,4.32,4.42,87300,4.16963
2009-10-08,4.09,4.46,3.91,4.32,336400,4.075294
2009-10-07,4.12,4.22,4.05,4.05,52100,3.820588
2009-10-06,3.95,4.27,3.92,4.13,79400,3.896057
2009-10-05,3.87,4.04,3.83,3.93,68700,3.707386
2009-10-02,3.95,4.01,3.85,3.85,111200,3.631917
2009-10-01,4.20,4.29,4.00,4.02,117900,3.792287
2009-09-30,4.27,4.33,4.11,4.22,88000,3.980958
2009-09-29,4.30,4.39,4.20,4.29,140200,4.046993
2009-09-28,4.43,4.47,4.25,4.27,95700,4.028126
2009-09-25,4.47,4.47,4.35,4.40,67400,4.150762
2009-09-24,4.53,4.55,4.37,4.48,138000,4.226231
2009-09-23,4.56,4.63,4.49,4.53,149100,4.273399
2009-09-22,4.71,4.72,4.50,4.56,170200,4.301699
2009-09-21,4.48,4.70,4.44,4.67,107400,4.405468
2009-09-18,4.39,4.74,4.32,4.64,260500,4.377167
2009-09-17,4.59,4.73,4.30,4.36,257400,4.113028
2009-09-16,4.05,4.68,4.00,4.59,543700,4.33
2009-09-15,4.02,4.04,3.97,4.02,90400,3.792287
2009-09-14,3.70,4.05,3.70,4.04,194800,3.811155
2009-09-11,4.02,4.04,4.00,4.00,82700,3.77342
2009-09-10,4.03,4.03,3.91,4.02,130400,3.792287
2009-09-09,3.78,4.03,3.68,4.02,202700,3.792287
2009-09-08,3.86,3.93,3.68,3.78,63600,3.565882
2009-09-04,3.87,3.94,3.77,3.80,118400,3.584749
2009-09-03,3.73,3.89,3.60,3.87,68900,3.650784
2009-09-02,3.77,3.79,3.66,3.71,80600,3.499847
2009-09-01,3.90,4.05,3.75,3.77,225900,3.556449
2009-08-31,3.80,3.96,3.65,3.96,236200,3.735686
2009-08-28,4.09,4.09,3.83,3.87,102300,3.650784
2009-08-27,4.04,4.12,3.79,4.06,184400,3.830022
2009-08-26,3.88,4.15,3.81,4.07,383400,3.839455
2009-08-25,3.58,4.00,3.54,3.88,528100,3.660218
2009-08-24,3.50,3.58,3.45,3.56,110800,3.358344
2009-08-21,3.49,3.56,3.39,3.46,146500,3.264009
2009-08-20,3.50,3.51,3.38,3.41,121000,3.216841
2009-08-19,3.30,3.60,3.30,3.56,167800,3.358344
2009-08-18,3.39,3.44,3.34,3.36,123900,3.169673
2009-08-17,3.40,3.43,3.32,3.34,65600,3.150806
2009-08-14,3.70,3.76,3.44,3.50,163200,3.301743
2009-08-13,3.81,3.84,3.66,3.70,140300,3.490414
2009-08-12,3.56,3.84,3.56,3.75,155900,3.537582
2009-08-11,3.65,3.71,3.51,3.56,55500,3.358344
2009-08-10,3.61,3.75,3.61,3.68,59700,3.471547
2009-08-07,3.60,3.65,3.50,3.61,420500,3.405512
2009-08-06,3.73,3.75,3.48,3.50,148800,3.301743
2009-08-05,3.70,3.85,3.63,3.73,249900,3.518714
2009-08-04,3.80,3.86,3.65,3.68,147000,3.471547
2009-08-03,3.84,3.89,3.71,3.83,206600,3.61305
2009-07-31,3.89,4.10,3.68,3.92,785800,3.697952
2009-07-30,3.61,3.65,3.37,3.56,146400,3.358344
2009-07-29,3.48,3.64,3.48,3.54,98200,3.339477
2009-07-28,3.58,3.64,3.45,3.54,90100,3.339477
2009-07-27,3.49,3.64,3.45,3.64,59700,3.433813
2009-07-24,3.54,3.56,3.40,3.51,132000,3.311176
2009-07-23,3.48,3.68,3.43,3.61,194000,3.405512
2009-07-22,3.47,3.55,3.42,3.49,80500,3.292309
2009-07-21,3.63,3.63,3.44,3.49,139600,3.292309
2009-07-20,3.38,3.90,3.35,3.65,1239900,3.443246
2009-07-17,3.35,3.48,3.18,3.42,492000,3.226274
2009-07-16,3.21,3.36,3.15,3.35,102700,3.160239
2009-07-15,3.25,3.30,3.06,3.30,136900,3.113072
2009-07-14,3.12,3.22,2.77,3.20,92400,3.018736
2009-07-13,2.89,3.15,2.80,3.11,153600,2.933834
2009-07-10,2.86,3.00,2.78,2.86,95400,2.697995
2009-07-09,2.96,3.11,2.91,2.91,121000,2.745163
2009-07-08,3.02,3.18,2.90,2.94,190700,2.773464
2009-07-07,3.06,3.23,3.01,3.03,165900,2.858366
2009-07-06,3.23,3.23,3.01,3.12,227800,2.943268
2009-07-02,3.64,3.64,3.24,3.26,253200,3.075338
2009-07-01,3.73,3.90,3.73,3.74,162400,3.528148
2009-06-30,3.81,3.92,3.67,3.67,146500,3.462113
2009-06-29,3.77,3.83,3.58,3.79,244200,3.575316
2009-06-26,3.36,3.83,3.29,3.83,764400,3.61305
2009-06-25,3.23,3.40,3.23,3.40,120000,3.207407
2009-06-24,3.15,3.39,3.10,3.23,223700,3.047037
2009-06-23,2.96,3.05,2.84,3.02,200400,2.848932
2009-06-22,3.23,3.23,2.84,2.84,227000,2.679128
2009-06-19,3.39,3.50,3.27,3.27,315600,3.084771
2009-06-18,2.96,3.42,2.90,3.33,273900,3.141372
2009-06-17,3.00,3.05,2.79,2.98,125500,2.811198
2009-06-16,3.11,3.13,2.95,2.97,196300,2.801765
2009-06-15,3.30,3.31,3.01,3.08,291600,2.905534
2009-06-12,3.45,3.45,3.34,3.41,131200,3.216841
2009-06-11,3.69,3.71,3.41,3.49,135700,3.292309
2009-06-10,3.85,3.87,3.42,3.66,197700,3.45268
2009-06-09,3.65,3.84,3.65,3.82,129700,3.603616
2009-06-08,3.95,3.95,3.65,3.65,223700,3.443246
2009-06-05,4.05,4.10,3.91,3.98,157400,3.754553
2009-06-04,3.98,4.01,3.90,4.01,131700,3.782854
2009-06-03,3.87,4.00,3.79,3.99,139200,3.763987
2009-06-02,3.85,3.99,3.66,3.94,204800,3.716819
2009-06-01,3.91,4.09,3.79,3.88,237900,3.660218
2009-05-29,3.67,3.87,3.63,3.86,135800,3.641351
2009-05-28,3.73,3.84,3.56,3.68,115400,3.471547
2009-05-27,3.77,3.97,3.68,3.70,149300,3.490414
2009-05-26,3.48,3.90,3.48,3.81,179400,3.594183
2009-05-22,3.72,3.83,3.55,3.56,98000,3.358344
2009-05-21,3.88,3.88,3.59,3.69,167600,3.48098
2009-05-20,4.00,4.05,3.84,3.95,210300,3.726253
2009-05-19,3.90,4.00,3.78,3.96,207900,3.735686
2009-05-18,3.48,3.95,3.48,3.95,212800,3.726253
2009-05-15,3.61,3.82,3.30,3.47,222200,3.273442
2009-05-14,3.60,3.64,3.38,3.56,183100,3.358344
2009-05-13,4.02,4.06,3.60,3.60,439700,3.396078
2009-05-12,4.17,4.20,3.94,4.15,355300,3.914924
2009-05-11,4.08,4.20,3.87,4.17,317100,3.933791
2009-05-08,3.80,4.16,3.71,4.16,463200,3.924357
2009-05-07,4.27,4.37,3.62,3.82,516300,3.603616
2009-05-06,3.94,4.28,3.77,4.24,449600,3.999825
2009-05-05,4.25,4.28,3.76,3.97,779100,3.74512
2009-05-04,4.02,4.09,3.60,3.65,635000,3.443246
2009-05-01,3.62,4.24,3.54,4.02,909500,3.792287
2009-04-30,3.28,3.64,3.18,3.62,971900,3.414945
2009-04-29,3.11,3.35,3.01,3.20,595200,3.018736
2009-04-28,2.91,3.15,2.75,3.10,757600,2.924401
2009-04-27,2.54,3.05,2.48,2.95,813100,2.782898
2009-04-24,2.24,2.99,2.17,2.74,3148000,2.584793
2009-04-23,1.77,2.15,1.67,2.10,1088600,1.981046
2009-04-22,1.70,1.76,1.62,1.72,140700,1.622571
2009-04-21,1.55,1.77,1.55,1.73,116500,1.632004
2009-04-20,1.73,1.74,1.60,1.61,125400,1.518802
2009-04-17,1.80,1.80,1.70,1.75,209400,1.650871
2009-04-16,1.84,1.84,1.74,1.80,250000,1.698039
2009-04-15,1.74,1.83,1.61,1.83,149300,1.72634
2009-04-14,1.81,1.85,1.70,1.74,222400,1.641438
2009-04-13,1.74,1.85,1.60,1.85,212200,1.745207
2009-04-09,1.67,1.75,1.64,1.74,610700,1.641438
2009-04-08,1.21,1.78,1.21,1.61,817800,1.518802
2009-04-07,1.28,1.28,1.19,1.19,88200,1.122593
2009-04-06,1.29,1.31,1.25,1.30,64600,1.226362
2009-04-03,1.33,1.33,1.15,1.33,120500,1.254662
2009-04-02,1.32,1.38,1.25,1.33,173200,1.254662
2009-04-01,1.20,1.28,1.18,1.27,61700,1.198061
2009-03-31,1.18,1.25,1.16,1.21,79100,1.14146
2009-03-30,1.25,1.25,1.08,1.15,164800,1.084858
2009-03-27,1.31,1.37,1.25,1.26,51700,1.188627
2009-03-26,1.38,1.38,1.25,1.35,160300,1.273529
2009-03-25,1.30,1.38,1.19,1.34,120000,1.264096
2009-03-24,1.31,1.36,1.25,1.27,75000,1.198061
2009-03-23,1.25,1.40,1.19,1.36,182600,1.282963
2009-03-20,1.24,1.26,1.10,1.20,284500,1.132026
2009-03-19,1.20,1.23,1.12,1.23,152000,1.160327
2009-03-18,1.10,1.39,1.04,1.24,515100,1.16976
2009-03-17,1.02,1.08,0.96,1.06,92200,0.999956
2009-03-16,0.97,1.10,0.97,1.02,110400,0.962222
2009-03-13,1.05,1.14,0.94,0.99,113900,0.933922
2009-03-12,0.88,1.06,0.86,1.05,207700,0.990523
2009-03-11,0.94,0.98,0.85,0.88,104100,0.830152
2009-03-10,0.84,0.94,0.81,0.94,160700,0.886754
2009-03-09,0.73,0.88,0.72,0.78,51800,0.735817
2009-03-06,0.87,0.87,0.70,0.74,219200,0.698083
2009-03-05,0.94,0.97,0.86,0.86,93700,0.811285
2009-03-04,0.95,0.98,0.89,0.93,306800,0.87732
2009-03-03,1.00,1.03,0.89,0.90,150300,0.84902
2009-03-02,1.00,1.06,0.95,0.95,161100,0.896187
2009-02-27,1.02,1.09,0.97,1.00,138500,0.943355
2009-02-26,1.03,1.05,0.95,0.95,208800,0.896187
2009-02-25,1.06,1.06,1.00,1.01,168500,0.952789
2009-02-24,1.03,1.13,1.03,1.07,134500,1.00939
2009-02-23,1.05,1.07,1.01,1.01,109300,0.952789
2009-02-20,1.00,1.15,1.00,1.03,89500,0.971656
2009-02-19,1.03,1.09,1.00,1.00,49500,0.943355
2009-02-18,1.08,1.09,1.00,1.00,81900,0.943355
2009-02-17,1.10,1.12,1.05,1.07,101600,1.00939
2009-02-13,1.16,1.23,1.12,1.15,85800,1.084858
2009-02-12,1.11,1.17,1.11,1.15,56100,1.084858
2009-02-11,1.17,1.18,1.13,1.14,93900,1.075425
2009-02-10,1.24,1.25,1.15,1.17,57200,1.103725
2009-02-09,1.25,1.26,1.22,1.23,22900,1.160327
2009-02-06,1.29,1.31,1.18,1.26,103100,1.188627
2009-02-05,1.23,1.27,1.14,1.27,78200,1.198061
2009-02-04,1.37,1.37,1.15,1.21,213900,1.14146
2009-02-03,1.25,1.32,1.25,1.31,68500,1.235795
2009-02-02,1.15,1.24,1.15,1.21,131800,1.14146
2009-01-30,1.37,1.37,1.10,1.13,319800,1.065991
2009-01-29,1.41,1.44,1.32,1.34,70800,1.264096
2009-01-28,1.41,1.44,1.37,1.43,99900,1.348998
2009-01-27,1.36,1.45,1.36,1.43,85700,1.348998
2009-01-26,1.29,1.45,1.29,1.40,115200,1.320697
2009-01-23,1.24,1.36,1.24,1.33,107400,1.254662
2009-01-22,1.25,1.29,1.16,1.24,83900,1.16976
2009-01-21,1.19,1.31,1.16,1.27,114300,1.198061
2009-01-20,1.29,1.32,1.16,1.17,142200,1.103725
2009-01-16,1.30,1.34,1.24,1.29,114700,1.216928
2009-01-15,1.20,1.33,1.13,1.32,318400,1.245229
2009-01-14,1.31,1.32,1.14,1.19,352500,1.122593
2009-01-13,1.47,1.47,1.25,1.30,267000,1.226362
2009-01-12,2.02,2.04,1.30,1.42,673100,1.339564
2009-01-09,2.19,2.24,2.11,2.14,149600,2.01878
2009-01-08,1.90,2.20,1.85,2.18,163500,2.056514
2009-01-07,2.11,2.20,2.07,2.12,259900,1.999913
2009-01-06,1.69,2.13,1.69,2.11,324700,1.990479
2009-01-05,1.64,1.79,1.52,1.75,225500,1.650871
2009-01-02,1.38,1.64,1.38,1.61,173600,1.518802
2008-12-31,1.34,1.40,1.30,1.38,208300,1.30183
2008-12-30,1.38,1.39,1.25,1.33,774300,1.254662
2008-12-29,1.45,1.47,1.35,1.36,132300,1.282963
2008-12-26,1.43,1.50,1.38,1.48,156000,1.396166
2008-12-24,1.41,1.44,1.36,1.42,98700,1.339564
2008-12-23,1.53,1.60,1.41,1.41,128900,1.330131
2008-12-22,1.65,1.72,1.40,1.51,262900,1.424466
2008-12-19,1.68,1.80,1.62,1.65,857000,1.556536
2008-12-18,1.66,1.85,1.55,1.59,203700,1.499935
2008-12-17,1.48,1.66,1.46,1.63,161800,1.537669
2008-12-16,1.44,1.50,1.41,1.48,243300,1.396166
2008-12-15,1.48,1.50,1.31,1.37,106700,1.292396
2008-12-12,1.38,1.47,1.31,1.47,75700,1.386732
2008-12-11,1.44,1.48,1.34,1.42,258500,1.339564
2008-12-10,1.45,1.50,1.35,1.44,176300,1.358431
2008-12-09,1.38,1.54,1.37,1.43,210100,1.348998
2008-12-08,1.25,1.39,1.23,1.37,204600,1.292396
2008-12-05,1.21,1.25,1.15,1.24,184000,1.16976
2008-12-04,1.20,1.26,1.18,1.18,229300,1.113159
2008-12-03,1.12,1.20,1.06,1.17,255500,1.103725
2008-12-02,1.10,1.17,1.02,1.14,294200,1.075425
2008-12-01,1.50,1.51,1.00,1.02,383300,0.962222
2008-11-28,1.43,1.55,1.39,1.49,169100,1.405599
2008-11-26,1.01,1.45,1.01,1.40,462000,1.320697
2008-11-25,1.00,1.04,0.96,0.98,374400,0.924488
2008-11-24,1.00,1.07,0.97,1.00,376000,0.943355
2008-11-21,0.95,1.08,0.90,0.98,247700,0.924488
2008-11-20,1.02,1.06,0.92,0.92,629100,0.867887
2008-11-19,1.17,1.26,1.02,1.05,255900,0.990523
2008-11-18,1.32,1.35,1.23,1.23,172300,1.160327
2008-11-17,1.40,1.50,1.30,1.31,157500,1.235795
2008-11-14,1.61,1.61,1.37,1.37,116400,1.292396
2008-11-13,1.53,1.65,1.34,1.65,473600,1.556536
2008-11-12,1.75,1.79,1.50,1.51,246500,1.424466
2008-11-11,1.94,2.00,1.64,1.79,131000,1.688606
2008-11-10,2.35,2.35,1.87,1.95,378800,1.839542
2008-11-07,1.59,2.49,1.47,2.42,988400,2.282919
2008-11-06,2.00,2.02,1.49,1.50,911400,1.415033
2008-11-05,2.13,2.20,2.09,2.09,319300,1.971612
2008-11-04,2.25,2.33,2.13,2.13,180500,2.009346
2008-11-03,2.29,2.33,2.21,2.21,190300,2.084815
2008-10-31,2.32,2.51,2.00,2.29,1229000,2.160283
2008-10-30,2.36,2.40,2.25,2.32,216000,2.188584
2008-10-29,2.43,2.50,2.29,2.29,162600,2.160283
2008-10-28,2.25,2.42,2.16,2.41,112400,2.273486
2008-10-27,2.30,2.47,2.20,2.20,87400,2.075381
2008-10-24,2.24,2.45,2.15,2.33,170500,2.198017
2008-10-23,2.48,2.57,2.33,2.44,105600,2.301786
2008-10-22,2.59,2.71,2.30,2.43,127700,2.292353
2008-10-21,2.64,2.80,2.50,2.66,116800,2.509325
2008-10-20,2.63,2.72,2.60,2.70,154600,2.547059
2008-10-17,2.40,2.72,2.40,2.55,190400,2.405555
2008-10-16,2.43,2.64,2.12,2.46,325600,2.320654
2008-10-15,2.61,2.68,2.26,2.26,120600,2.131982
2008-10-14,2.86,3.05,2.46,2.66,194000,2.509325
2008-10-13,2.64,2.87,2.60,2.70,117600,2.547059
2008-10-10,2.20,2.85,2.20,2.40,358400,2.264052
2008-10-09,2.85,2.90,2.25,2.26,247500,2.131982
2008-10-08,2.81,3.29,2.75,2.79,236700,2.631961
2008-10-07,3.34,3.37,2.90,2.92,348100,2.754597
2008-10-06,3.48,3.48,2.69,3.23,1868500,3.047037
2008-10-03,3.76,3.78,3.55,3.55,122300,3.348911
2008-10-02,3.75,3.96,3.61,3.72,175600,3.509281
2008-10-01,3.94,4.12,3.75,3.78,247500,3.565882
2008-09-30,4.21,4.25,3.90,3.93,405200,3.707386
2008-09-29,4.46,4.60,4.00,4.15,226700,3.914924
2008-09-26,4.54,4.60,4.39,4.52,164000,4.263965
2008-09-25,4.59,4.80,4.55,4.61,252200,4.348867
2008-09-24,5.14,5.25,4.62,4.62,238300,4.3583
2008-09-23,4.92,5.37,4.92,5.19,488700,4.896013
2008-09-22,5.10,5.15,4.85,4.93,90800,4.65074
2008-09-19,5.25,5.27,4.57,5.12,612300,4.829978
2008-09-18,4.57,5.32,4.56,5.01,691700,4.726209
2008-09-17,4.50,4.75,4.30,4.44,97600,4.188497
2008-09-16,4.36,4.55,4.27,4.55,171400,4.292266
2008-09-15,4.51,4.65,4.49,4.50,204500,4.245098
2008-09-12,4.71,4.76,4.61,4.68,332300,4.414902
2008-09-11,4.56,4.79,4.55,4.75,181600,4.480937
2008-09-10,4.76,4.76,4.54,4.61,72500,4.348867
2008-09-09,4.74,5.00,4.63,4.64,305200,4.377167
2008-09-08,4.73,4.73,4.57,4.71,142900,4.443202
2008-09-05,4.54,4.62,4.50,4.53,103200,4.273399
2008-09-04,4.76,4.76,4.55,4.57,160300,4.311133
2008-09-03,4.68,4.81,4.59,4.78,116300,4.509237
2008-09-02,4.72,4.86,4.62,4.67,199200,4.405468
2008-08-29,4.63,4.76,4.54,4.55,105300,4.292266
2008-08-28,4.68,4.79,4.58,4.64,231300,4.377167
2008-08-27,4.59,4.74,4.54,4.67,95600,4.405468
2008-08-26,4.62,4.66,4.52,4.60,172000,4.339433
2008-08-25,4.80,4.80,4.56,4.62,122500,4.3583
2008-08-22,4.64,4.90,4.63,4.82,177700,4.546972
2008-08-21,4.70,4.79,4.60,4.61,152200,4.348867
2008-08-20,4.86,4.97,4.65,4.80,229900,4.528105
2008-08-19,5.05,5.10,4.72,4.85,253400,4.575272
2008-08-18,5.22,5.33,5.00,5.04,188600,4.75451
2008-08-15,5.41,5.46,5.11,5.21,186800,4.91488
2008-08-14,5.23,5.50,5.10,5.33,292500,5.028083
2008-08-13,5.33,5.33,4.98,5.28,208800,4.980915
2008-08-12,5.05,5.35,4.95,5.35,338500,5.04695
2008-08-11,4.94,5.53,4.92,5.11,602100,4.820545
2008-08-08,4.32,5.05,4.32,4.96,567000,4.679041
2008-08-07,4.39,4.49,4.26,4.33,247500,4.084727
2008-08-06,4.96,4.96,4.16,4.40,1418100,4.150762
2008-08-05,4.80,5.27,4.73,5.18,443200,4.886579
2008-08-04,4.88,4.98,4.66,4.74,306900,4.471503
2008-08-01,4.75,4.92,4.63,4.86,357200,4.584706
2008-07-31,4.62,4.93,4.53,4.77,377300,4.499804
2008-07-30,4.81,4.85,4.64,4.68,410600,4.414902
2008-07-29,4.58,4.87,4.58,4.70,196300,4.433769
2008-07-28,4.91,4.91,4.50,4.58,205000,4.320566
2008-07-25,4.55,4.93,4.50,4.70,391700,4.433769
2008-07-24,4.55,4.67,4.35,4.41,321300,4.160196
2008-07-23,4.76,4.95,4.39,4.52,582000,4.263965
2008-07-22,3.76,4.78,3.69,4.74,620800,4.471503
2008-07-21,3.84,3.84,3.76,3.79,395100,3.575316
2008-07-18,3.88,3.95,3.80,3.85,383600,3.631917
2008-07-17,3.64,4.03,3.50,3.88,1683400,3.660218
2008-07-16,3.76,3.78,3.55,3.56,1141800,3.358344
2008-07-15,3.90,3.92,3.57,3.74,1015900,3.528148
2008-07-14,4.30,4.45,3.95,3.96,494800,3.735686
2008-07-11,4.50,4.52,4.20,4.24,613100,3.999825
2008-07-10,4.81,4.82,4.50,4.51,217600,4.254532
2008-07-09,5.01,5.06,4.81,4.81,169300,4.537538
2008-07-08,4.90,5.12,4.87,5.00,264900,4.716775
2008-07-07,5.00,5.09,4.89,4.90,157000,4.62244
2008-07-03,5.06,5.06,4.88,4.95,68900,4.669607
2008-07-02,5.09,5.36,5.01,5.07,299500,4.78281
2008-07-01,5.14,5.17,4.87,5.07,455300,4.78281
2008-06-30,5.30,5.49,5.15,5.18,493600,4.886579
2008-06-27,5.40,5.75,5.29,5.30,953200,4.999782
2008-06-26,5.73,5.74,5.35,5.36,269400,5.056383
2008-06-25,5.30,5.83,5.30,5.81,376400,5.480893
2008-06-24,5.39,5.54,5.27,5.30,476100,4.999782
2008-06-23,5.88,5.98,5.47,5.47,308100,5.160152
2008-06-20,6.02,6.15,5.62,5.92,417900,5.584662
2008-06-19,6.30,6.43,6.00,6.07,1052700,5.726166
2008-06-18,6.51,6.59,6.30,6.31,126100,5.952571
2008-06-17,6.53,6.67,6.48,6.53,123100,6.160109
2008-06-16,6.40,6.61,6.40,6.51,73700,6.141242
2008-06-13,6.45,6.54,6.32,6.44,73800,6.075207
2008-06-12,6.52,6.69,6.39,6.39,92500,6.028039
2008-06-11,6.50,6.56,6.45,6.50,221100,6.131808
2008-06-10,6.47,6.78,6.42,6.51,138800,6.141242
2008-06-09,6.59,6.69,6.50,6.50,102400,6.131808
2008-06-06,6.84,6.84,6.58,6.58,156500,6.207276
2008-06-05,6.67,6.92,6.67,6.87,80100,6.480849
2008-06-04,6.94,6.94,6.69,6.69,204100,6.311046
2008-06-03,6.95,6.97,6.78,6.95,156300,6.556318
2008-06-02,7.05,7.07,6.74,6.89,168100,6.499716
2008-05-30,7.07,7.08,6.92,7.06,717500,6.660087
2008-05-29,6.93,7.17,6.87,7.07,162000,6.669521
2008-05-28,6.85,6.98,6.71,6.98,166300,6.584619
2008-05-27,6.70,6.89,6.66,6.86,119200,6.471416
2008-05-23,6.90,6.90,6.66,6.70,259500,6.320479
2008-05-22,6.88,7.08,6.80,6.96,148000,6.565751
2008-05-21,7.01,7.06,6.80,6.89,150400,6.499716
2008-05-20,7.04,7.16,6.89,7.02,187700,6.622353
2008-05-19,7.04,7.17,6.98,7.10,346700,6.697821
2008-05-16,7.27,7.34,7.00,7.06,280500,6.660087
2008-05-15,7.51,7.51,7.13,7.28,229000,6.867625
2008-05-14,7.60,7.69,7.45,7.49,189200,7.065729
2008-05-13,7.60,7.65,7.46,7.59,138100,7.160065
2008-05-12,7.49,7.69,7.47,7.60,240400,7.169499
2008-05-09,7.48,7.52,7.31,7.50,326400,7.075163
2008-05-08,7.68,7.83,7.37,7.51,270100,7.084597
2008-05-07,7.86,8.19,7.67,7.72,228500,7.282701
2008-05-06,8.00,8.19,7.80,7.99,352200,7.537407
2008-05-05,8.15,8.29,7.85,8.05,483100,7.594009
2008-05-02,7.68,8.30,7.64,8.27,706000,7.801547
2008-05-01,7.37,7.72,7.31,7.56,302700,7.131764
2008-04-30,7.44,7.69,7.23,7.35,208000,6.93366
2008-04-29,7.39,7.41,7.04,7.39,246300,6.971394
2008-04-28,7.21,7.43,7.17,7.37,146100,6.952527
2008-04-25,6.85,7.27,6.82,7.18,332000,6.773289
2008-04-24,6.70,7.00,6.60,6.91,141500,6.518583
2008-04-23,6.85,6.93,6.64,6.71,163200,6.329913
2008-04-22,6.94,7.00,6.70,6.81,216900,6.424248
2008-04-21,7.06,7.15,6.92,7.03,221200,6.631786
2008-04-18,7.00,7.16,6.91,7.08,223700,6.678954
2008-04-17,6.94,7.00,6.79,6.81,139000,6.424248
2008-04-16,6.70,6.98,6.63,6.93,262400,6.537451
2008-04-15,6.77,6.77,6.60,6.63,192000,6.254444
2008-04-14,6.80,6.88,6.70,6.71,135600,6.329913
2008-04-11,6.97,7.04,6.77,6.82,156000,6.433682
2008-04-10,6.86,7.24,6.82,7.03,219900,6.631786
2008-04-09,7.04,7.09,6.76,6.95,256500,6.556318
2008-04-08,7.12,7.16,7.01,7.06,117800,6.660087
2008-04-07,7.14,7.31,7.09,7.17,241400,6.763856
2008-04-04,7.22,7.30,6.93,7.10,196600,6.697821
2008-04-03,7.16,7.21,7.02,7.20,135600,6.792156
2008-04-02,7.33,7.33,7.11,7.20,192100,6.792156
2008-04-01,7.10,7.28,6.94,7.24,521800,6.829891
2008-03-31,6.70,7.07,6.70,6.91,314800,6.518583
2008-03-28,6.94,7.00,6.66,6.67,164200,6.292178
2008-03-27,7.00,7.03,6.83,6.90,174500,6.50915
2008-03-26,7.15,7.20,6.92,6.98,172500,6.584619
2008-03-25,7.16,7.27,7.13,7.21,219800,6.80159
2008-03-24,6.97,7.30,6.91,7.15,596900,6.744989
2008-03-20,6.33,6.96,6.27,6.90,647700,6.50915
2008-03-19,6.38,6.51,6.22,6.27,803300,5.914836
2008-03-18,6.42,6.53,6.22,6.33,841900,5.971438
2008-03-17,6.46,6.88,6.29,6.32,382400,5.962004
2008-03-14,6.64,6.71,6.44,6.59,589500,6.21671
2008-03-13,6.50,6.86,6.41,6.60,362200,6.226143
2008-03-12,6.73,6.76,6.51,6.56,414000,6.188409
2008-03-11,6.88,7.00,6.52,6.75,311700,6.367647
2008-03-10,6.71,6.87,6.70,6.72,373600,6.339346
2008-03-07,6.92,7.01,6.65,6.67,629100,6.292178
2008-03-06,7.15,7.15,6.87,6.92,449300,6.528017
2008-03-05,7.18,7.30,7.07,7.20,229200,6.792156
2008-03-04,7.00,7.16,6.95,7.04,431500,6.64122
2008-03-03,7.03,7.14,6.93,7.05,244700,6.650654
2008-02-29,7.15,7.36,6.99,7.01,449600,6.612919
2008-02-28,7.60,7.71,7.22,7.22,218000,6.811024
2008-02-27,7.62,7.90,7.53,7.60,286100,7.169499
2008-02-26,7.47,7.72,7.47,7.68,211500,7.244967
2008-02-25,7.02,7.66,7.02,7.54,493500,7.112897
2008-02-22,7.35,7.40,6.90,7.05,895900,6.650654
2008-02-21,8.22,8.22,7.48,7.50,736900,7.075163
2008-02-20,8.03,8.32,7.86,8.28,300300,7.81098
2008-02-19,8.24,8.46,7.97,8.15,253900,7.688344
2008-02-15,8.30,8.45,8.15,8.17,244100,7.707211
2008-02-14,8.76,8.78,8.33,8.33,306800,7.858148
2008-02-13,8.58,8.84,8.58,8.76,241600,8.263791
2008-02-12,8.45,8.61,8.35,8.51,356900,8.027952
2008-02-11,8.04,8.42,7.95,8.39,224700,7.914749
2008-02-08,8.23,8.56,7.95,8.02,295500,7.565708
2008-02-07,7.82,8.40,7.51,8.34,367600,7.867582
2008-02-06,8.09,8.32,7.83,7.87,396900,7.424204
2008-02-05,8.48,8.48,8.04,8.04,439700,7.584575
2008-02-04,8.68,8.69,8.25,8.58,372500,8.093987
2008-02-01,8.33,8.67,8.25,8.65,309300,8.160021
2008-01-31,7.85,8.40,7.82,8.28,329400,7.81098
2008-01-30,7.80,8.17,7.69,7.94,368300,7.490239
2008-01-29,7.94,7.94,7.63,7.77,386700,7.329869
2008-01-28,8.01,8.01,7.67,7.89,455600,7.443071
2008-01-25,7.83,8.26,7.83,8.01,651200,7.556274
2008-01-24,7.45,7.68,7.45,7.60,471500,7.169499
2008-01-23,6.78,7.54,6.73,7.45,859000,7.027995
2008-01-22,6.75,7.15,6.62,6.78,325300,6.395948
2008-01-18,6.87,7.28,6.85,6.95,344400,6.556318
2008-01-17,7.14,7.22,6.85,6.89,463900,6.499716
2008-01-16,6.77,7.27,6.60,7.07,976300,6.669521
2008-01-15,6.93,7.25,6.73,6.77,402800,6.386514
2008-01-14,6.96,7.17,6.79,7.00,439900,6.603486
2008-01-11,7.14,7.17,6.85,6.89,601900,6.499716
2008-01-10,7.20,7.31,6.98,7.21,1435300,6.80159
2008-01-09,7.76,7.76,7.16,7.35,1603900,6.93366
2008-01-08,8.24,8.30,7.76,7.80,869900,7.35817
2008-01-07,8.14,8.35,8.00,8.22,592300,7.754379
2008-01-04,8.32,8.32,8.05,8.18,613500,7.716645
2008-01-03,8.65,8.66,8.32,8.41,501800,7.933616
2008-01-02,8.91,9.00,8.55,8.60,522900,8.112854
2007-12-31,8.75,9.00,8.70,8.94,523600,8.433594
2007-12-28,9.01,9.07,8.75,8.76,473200,8.263791
2007-12-27,9.01,9.14,8.95,9.00,398300,8.490196
2007-12-26,9.02,9.12,8.98,9.12,506600,8.603398
2007-12-24,9.23,9.41,9.02,9.06,537400,8.546797
2007-12-21,9.02,9.16,8.93,9.14,1444500,8.622266
2007-12-20,9.34,9.50,8.91,8.97,2590800,8.461895
2007-12-19,10.04,10.15,9.41,9.86,1511500,9.301481
2007-12-18,10.57,10.71,10.16,10.27,811300,9.688257
2007-12-17,10.45,10.75,10.39,10.53,467600,9.933529
2007-12-14,10.80,10.84,10.41,10.41,432000,9.820326
2007-12-13,11.01,11.04,10.76,10.91,329300,10.292004
2007-12-12,11.22,11.40,10.88,11.04,481500,10.41464
2007-12-11,11.16,11.39,11.08,11.09,251100,10.461808
2007-12-10,11.15,11.50,11.15,11.24,190700,10.603311
2007-12-07,11.31,11.58,11.08,11.15,246000,10.518409
2007-12-06,10.95,11.34,10.92,11.29,386800,10.650479
2007-12-05,10.70,11.18,10.47,10.93,1309200,10.310871
2007-12-04,11.67,11.67,11.25,11.25,335700,10.612745
2007-12-03,12.10,12.10,11.66,11.67,404600,11.008954
2007-11-30,12.07,12.35,12.04,12.10,320700,11.414597
2007-11-29,12.09,12.26,11.91,12.01,394900,11.329695
2007-11-28,12.11,12.44,12.03,12.19,378400,11.499498
2007-11-27,12.17,12.24,11.80,11.91,308000,11.235359
2007-11-26,11.99,12.35,11.95,12.16,296300,11.471198
2007-11-23,12.03,12.22,11.84,11.98,112600,11.301393
2007-11-21,11.99,12.21,11.84,12.02,236800,11.339129
2007-11-20,12.36,12.36,11.61,12.07,463000,11.386296
2007-11-19,12.40,12.48,12.17,12.39,401900,11.68817
2007-11-16,12.47,12.52,12.29,12.48,365000,11.773071
2007-11-15,12.62,12.75,12.35,12.48,271200,11.773071
2007-11-14,12.60,12.76,12.46,12.63,258000,11.914575
2007-11-13,12.45,12.80,12.39,12.55,462800,11.839106
2007-11-12,12.13,12.57,12.11,12.32,430800,11.622134
2007-11-09,12.25,12.32,11.76,12.16,489000,11.471198
2007-11-08,12.22,12.58,12.02,12.32,551200,11.622134
2007-11-07,12.74,13.02,12.15,12.19,1596700,11.499498
2007-11-06,12.42,12.57,12.02,12.56,500500,11.84854
2007-11-05,12.09,12.32,12.01,12.30,387900,11.603268
2007-11-02,12.57,12.61,12.09,12.13,353900,11.442897
2007-11-01,12.61,12.61,12.22,12.47,419000,11.763638
2007-10-31,12.79,12.92,12.59,12.64,490800,11.924009
2007-10-30,12.79,12.95,12.46,12.76,455500,12.037211
2007-10-29,12.74,12.92,12.73,12.79,396900,12.065511
2007-10-26,13.04,13.09,12.60,12.67,520900,11.952309
2007-10-25,13.20,13.37,12.90,12.96,238200,12.225882
2007-10-24,13.41,13.50,12.87,13.22,446300,12.471154
2007-10-23,13.69,13.71,13.47,13.51,236700,12.744727
2007-10-22,13.50,13.85,13.38,13.60,235000,12.829629
2007-10-19,13.84,13.88,13.50,13.50,347100,12.735294
2007-10-18,13.58,13.87,13.58,13.82,333400,13.037167
2007-10-17,13.51,13.78,13.50,13.61,355800,12.839062
2007-10-16,13.64,13.71,13.40,13.42,357000,12.659825
2007-10-15,13.81,14.08,13.65,13.65,603300,12.876797
2007-10-12,13.79,13.83,13.33,13.39,328500,12.631525
2007-10-11,14.02,14.34,13.77,13.78,531300,12.999433
2007-10-10,14.10,14.25,14.02,14.08,197500,13.28244
2007-10-09,14.07,14.26,14.01,14.18,221000,13.376775
2007-10-08,14.30,14.31,14.06,14.08,286800,13.28244
2007-10-05,14.39,14.50,14.26,14.35,579600,13.537146
2007-10-04,14.53,14.75,14.32,14.35,377200,13.537146
2007-10-03,14.19,14.49,14.14,14.46,335300,13.640915
2007-10-02,14.20,14.40,14.12,14.19,661500,13.386208
2007-10-01,14.30,14.50,14.13,14.15,495700,13.348474
2007-09-28,14.42,14.67,14.21,14.25,418100,13.44281
2007-09-27,15.06,15.10,14.43,14.44,690500,13.622047
2007-09-26,15.07,15.35,14.99,15.00,323300,14.150326
2007-09-25,15.74,15.79,15.00,15.04,527600,14.18806
2007-09-24,16.280001,16.440001,15.76,15.85,238800,14.952178
2007-09-21,16.35,16.40,16.030001,16.290001,588000,15.367255
2007-09-20,16.280001,16.540001,16.209999,16.440001,274200,15.508758
2007-09-19,16.10,16.379999,16.07,16.33,407500,15.404988
2007-09-18,15.55,16.049999,15.22,16.049999,289000,15.140848
2007-09-17,15.70,15.88,15.35,15.49,406900,14.61257
2007-09-14,15.41,15.89,15.41,15.77,278100,14.87671
2007-09-13,15.54,15.92,15.43,15.54,393500,14.659738
2007-09-12,15.86,15.97,15.22,15.40,242500,14.527668
2007-09-11,15.71,16.049999,15.71,15.89,261700,14.989913
2007-09-10,15.94,16.18,15.61,15.66,180000,14.77294
2007-09-07,16.33,16.33,15.90,15.94,153000,15.03708
2007-09-06,16.639999,16.780001,16.27,16.469999,104600,15.537058
2007-09-05,16.51,16.780001,16.299999,16.620001,300400,15.678562
2007-09-04,16.65,16.73,16.469999,16.58,211500,15.640827
2007-08-31,16.74,16.950001,16.50,16.620001,114000,15.678562
2007-08-30,16.610001,16.73,16.35,16.620001,148600,15.678562
2007-08-29,16.389999,16.719999,16.219999,16.690001,198100,15.744597
2007-08-28,16.68,16.76,16.32,16.35,237500,15.423856
2007-08-27,16.85,17.10,16.719999,16.76,181700,15.810631
2007-08-24,16.530001,16.959999,16.360001,16.870001,152900,15.914401
2007-08-23,16.940001,17.01,16.559999,16.66,143800,15.716296
2007-08-22,17.09,17.27,16.82,16.889999,223100,15.933267
2007-08-21,16.99,17.23,16.82,16.940001,121600,15.980436
2007-08-20,16.82,17.219999,16.68,16.99,334500,16.027603
2007-08-17,17.50,17.75,16.690001,16.780001,390700,15.829499
2007-08-16,16.41,17.049999,16.200001,16.68,739800,15.735163
2007-08-15,16.280001,16.889999,16.23,16.43,399200,15.499324
2007-08-14,16.15,16.50,15.99,16.27,366800,15.348388
2007-08-13,16.59,16.59,15.61,16.09,697300,15.178583
2007-08-10,16.959999,17.49,16.280001,16.540001,733800,15.603094
2007-08-09,17.02,17.969999,16.620001,17.17,969100,16.197407
2007-08-08,15.72,17.889999,15.64,17.17,1471600,16.197407
2007-08-07,15.40,15.93,15.25,15.64,711400,14.754074
2007-08-06,15.29,15.51,15.04,15.44,572600,14.565402
2007-08-03,14.98,15.34,14.79,15.27,1007700,14.405033
2007-08-02,15.12,15.40,14.82,14.94,1049200,14.093725
2007-08-01,16.50,16.50,14.88,15.30,2410700,14.433333
2007-07-31,16.879999,17.25,16.700001,16.719999,739100,15.772896
2007-07-30,16.76,17.17,16.50,16.92,493600,15.961568
2007-07-27,16.610001,16.950001,16.549999,16.76,655100,15.810631
2007-07-26,17.07,17.16,16.559999,16.690001,555000,15.744597
2007-07-25,17.40,17.57,17.01,17.200001,545100,16.225708
2007-07-24,17.389999,17.48,17.129999,17.200001,464700,16.225708
2007-07-23,17.459999,17.540001,17.27,17.469999,276500,16.480413
2007-07-20,17.530001,17.59,17.309999,17.440001,276200,16.452113
2007-07-19,17.540001,17.809999,17.50,17.57,314700,16.574749
2007-07-18,17.73,17.790001,17.48,17.530001,293700,16.537015
2007-07-17,18.030001,18.09,17.75,17.870001,483700,16.857756
2007-07-16,18.120001,18.15,17.84,18.02,347500,16.999259
2007-07-13,17.75,18.17,17.709999,18.139999,483900,17.112461
2007-07-12,18.040001,18.040001,17.48,17.709999,552700,16.706818
2007-07-11,17.41,18.10,17.33,17.93,1030100,16.914357
2007-07-10,17.32,17.780001,17.110001,17.40,988700,16.414378
2007-07-09,17.15,17.40,17.129999,17.360001,1036200,16.376645
2007-07-06,16.65,17.40,16.540001,17.35,1379300,16.367211
2007-07-05,17.299999,17.360001,17.15,17.27,206500,16.291743
2007-07-03,16.82,17.32,16.809999,17.25,343300,16.272875
2007-07-02,17.10,17.10,16.719999,16.799999,539000,15.848365
2007-06-29,17.16,17.24,16.99,16.99,572000,16.027603
2007-06-28,17.030001,17.219999,16.969999,17.10,583800,16.131372
2007-06-27,17.00,17.10,16.92,16.950001,840100,15.989869
2007-06-26,17.33,17.49,17.030001,17.049999,620500,16.084203
2007-06-25,17.379999,17.379999,17.200001,17.23,388800,16.254008
2007-06-22,17.27,17.51,17.200001,17.40,574100,16.414378
2007-06-21,17.42,17.50,17.200001,17.360001,309000,16.376645
2007-06-20,17.58,17.690001,17.360001,17.42,209600,16.433246
2007-06-19,17.84,17.90,17.549999,17.58,343600,16.584182
2007-06-18,17.84,17.99,17.620001,17.879999,189400,16.867188
2007-06-15,18.040001,18.040001,17.639999,17.84,258100,16.829455
2007-06-14,17.809999,18.01,17.76,17.83,199900,16.820021
2007-06-13,17.67,17.92,17.379999,17.809999,575700,16.801154
2007-06-12,18.040001,18.040001,17.459999,17.57,452400,16.574749
2007-06-11,18.25,18.25,17.83,18.02,359900,16.999259
2007-06-08,18.209999,18.299999,18.00,18.24,583000,17.206797
2007-06-07,18.309999,18.379999,18.219999,18.25,394800,17.21623
2007-06-06,18.33,18.58,18.200001,18.34,423600,17.301132
2007-06-05,18.559999,18.59,18.299999,18.43,254700,17.386034
2007-06-04,18.379999,18.65,18.280001,18.58,190000,17.527537
2007-06-01,18.41,18.73,18.360001,18.389999,327000,17.348299
2007-05-31,18.60,18.60,18.24,18.309999,834300,17.272831
2007-05-30,18.58,18.60,18.360001,18.549999,321300,17.499236
2007-05-29,18.950001,18.98,18.299999,18.60,377800,17.546405
2007-05-25,18.85,18.870001,18.60,18.85,261800,17.782244
2007-05-24,19.030001,19.030001,18.65,18.809999,231900,17.744509
2007-05-23,19.030001,19.34,18.90,18.98,266800,17.904879
2007-05-22,19.00,19.08,18.76,19.01,460900,17.93318
2007-05-21,18.549999,19.040001,18.469999,18.959999,593700,17.886012
2007-05-18,18.370001,18.68,18.290001,18.469999,534600,17.423768
2007-05-17,18.60,18.639999,18.280001,18.299999,392500,17.263397
2007-05-16,18.08,18.51,18.030001,18.51,422100,17.461503
2007-05-15,18.24,18.309999,18.00,18.030001,371600,17.008693
2007-05-14,18.290001,18.41,18.030001,18.16,434700,17.131328
2007-05-11,18.18,18.309999,17.92,18.15,594100,17.121894
2007-05-10,18.469999,18.549999,18.00,18.01,622600,16.989825
2007-05-09,18.50,18.530001,18.200001,18.50,344500,17.452069
2007-05-08,18.50,18.58,18.299999,18.540001,354700,17.489804
2007-05-07,18.799999,18.85,18.540001,18.559999,311800,17.50867
2007-05-04,18.66,19.00,18.65,18.83,283700,17.763376
2007-05-03,18.549999,18.84,18.389999,18.66,591600,17.603006
2007-05-02,18.59,19.700001,18.48,18.59,1493400,17.536971
2007-05-01,19.700001,19.93,19.23,19.83,517000,18.706731
2007-04-30,20.08,20.379999,19.799999,19.85,156500,18.725599
2007-04-27,20.48,20.549999,19.98,20.00,432700,18.867102
2007-04-26,20.57,20.59,20.299999,20.459999,209100,19.301044
2007-04-25,20.219999,20.549999,20.209999,20.440001,131800,19.282178
2007-04-24,20.290001,20.290001,20.01,20.10,165500,18.961438
2007-04-23,20.530001,20.530001,20.209999,20.25,144600,19.10294
2007-04-20,20.690001,20.709999,20.440001,20.48,222500,19.319912
2007-04-19,20.41,20.629999,20.219999,20.50,205700,19.338779
2007-04-18,20.309999,20.530001,20.299999,20.40,252100,19.244443
2007-04-17,20.360001,20.52,20.280001,20.32,340700,19.168975
2007-04-16,19.99,20.48,19.92,20.35,311100,19.197276
2007-04-13,19.49,19.83,19.389999,19.799999,365700,18.67843
2007-04-12,19.50,19.549999,19.33,19.50,264500,18.395424
2007-04-11,20.01,20.02,19.35,19.549999,358700,18.442591
2007-04-10,20.18,20.35,19.90,20.00,282000,18.867102
2007-04-09,20.450001,20.459999,20.10,20.139999,156200,18.999171
2007-04-05,20.129999,20.549999,20.08,20.469999,292000,19.310478
2007-04-04,20.60,20.60,20.15,20.18,209200,19.036906
2007-04-03,20.57,20.85,20.450001,20.549999,204400,19.385946
2007-04-02,20.48,20.52,20.379999,20.50,99100,19.338779
2007-03-30,20.51,20.620001,20.280001,20.360001,303500,19.20671
2007-03-29,20.610001,20.709999,20.25,20.459999,149100,19.301044
2007-03-28,20.76,20.82,20.440001,20.49,123600,19.329345
2007-03-27,20.73,20.98,20.690001,20.870001,145600,19.687821
2007-03-26,20.950001,20.98,20.700001,20.870001,120400,19.687821
2007-03-23,20.91,21.09,20.549999,21.00,192100,19.810457
2007-03-22,20.93,21.00,20.66,20.98,115800,19.791589
2007-03-21,20.549999,20.98,20.389999,20.98,170000,19.791589
2007-03-20,20.50,20.73,20.309999,20.59,90400,19.423681
2007-03-19,20.440001,20.73,20.35,20.549999,216300,19.385946
2007-03-16,20.559999,20.66,20.25,20.389999,228500,19.23501
2007-03-15,21.02,21.10,20.42,20.57,252000,19.404814
2007-03-14,20.51,20.98,20.299999,20.969999,241400,19.782155
2007-03-13,21.129999,21.129999,20.309999,20.610001,309900,19.442549
2007-03-12,21.16,21.24,20.90,21.129999,247300,19.933092
2007-03-09,21.200001,21.309999,20.93,21.190001,281500,19.989695
2007-03-08,21.379999,21.389999,20.93,21.120001,495100,19.92366
2007-03-07,21.549999,21.629999,21.26,21.35,2249200,20.140631
2007-03-06,21.60,21.950001,21.370001,21.50,1192800,20.282134
2007-03-05,20.879999,20.879999,20.32,20.34,302600,19.187843
2007-03-02,21.139999,21.15,20.719999,20.92,206900,19.734988
2007-03-01,21.290001,21.700001,20.870001,21.209999,361200,20.00856
2007-02-28,22.389999,22.389999,21.459999,21.58,382100,20.357603
2007-02-27,22.52,22.65,22.139999,22.450001,396800,21.178322
2007-02-26,22.77,23.00,22.41,22.67,583800,21.38586
2007-02-23,22.58,22.780001,22.25,22.60,367600,21.319825
2007-02-22,21.25,22.719999,21.23,22.50,937300,21.225489
2007-02-21,21.799999,22.90,21.700001,22.57,624100,21.291524
2007-02-20,21.959999,22.10,21.540001,21.799999,254700,20.56514
2007-02-16,21.860001,22.00,21.75,21.98,145000,20.734944
2007-02-15,21.629999,22.030001,21.540001,21.83,185700,20.593441
2007-02-14,21.75,21.82,21.360001,21.60,173000,20.37647
2007-02-13,21.200001,21.82,21.200001,21.73,132100,20.499106
2007-02-12,21.26,21.280001,21.00,21.190001,206900,19.989695
2007-02-09,21.91,21.91,21.24,21.309999,169700,20.102896
2007-02-08,21.66,21.92,21.35,21.889999,146300,20.650042
2007-02-07,21.18,21.719999,21.049999,21.65,272700,20.423637
2007-02-06,21.379999,21.379999,21.07,21.24,115600,20.036862
2007-02-05,21.43,21.620001,21.18,21.32,139400,20.11233
2007-02-02,21.530001,21.60,21.40,21.43,123200,20.2161
2007-02-01,21.379999,21.629999,21.35,21.52,164700,20.301002
2007-01-31,21.469999,21.639999,21.40,21.48,230300,20.263267
2007-01-30,21.469999,21.530001,21.17,21.51,236700,20.291568
2007-01-29,21.299999,21.57,21.26,21.42,215000,20.206666
2007-01-26,21.32,21.48,20.83,21.34,252400,20.131198
2007-01-25,21.43,21.48,21.209999,21.32,226500,20.11233
2007-01-24,21.049999,21.389999,20.860001,21.34,363500,20.131198
2007-01-23,20.780001,21.17,20.780001,20.969999,166400,19.782155
2007-01-22,21.15,21.15,20.780001,20.85,194700,19.668954
2007-01-19,21.129999,21.200001,20.889999,21.129999,193800,19.933092
2007-01-18,21.58,21.629999,21.07,21.200001,374300,19.999128
2007-01-17,21.889999,21.889999,21.469999,21.65,228800,20.423637
2007-01-16,22.34,22.540001,21.60,21.99,739300,20.744378
2007-01-12,21.450001,22.00,21.299999,21.959999,448100,20.716077
2007-01-11,20.84,21.559999,20.77,21.49,516800,20.272701
2007-01-10,20.50,21.049999,20.40,20.75,684400,19.574618
2007-01-09,19.83,20.549999,19.74,20.530001,637300,19.367081
2007-01-08,19.59,19.99,19.280001,19.75,308200,18.631263
2007-01-05,19.34,19.68,19.110001,19.620001,474200,18.508628
2007-01-04,19.10,19.530001,18.469999,19.50,925500,18.395424
2007-01-03,18.33,18.68,18.25,18.35,345500,17.310566
2006-12-29,18.57,18.74,18.280001,18.280001,148200,17.244532
2006-12-28,18.940001,19.00,18.530001,18.65,141100,17.593572
2006-12-27,18.790001,19.07,18.629999,18.92,328900,17.848278
2006-12-26,18.25,18.84,18.17,18.84,157500,17.77281
2006-12-22,18.00,18.32,18.00,18.299999,251100,17.263397
2006-12-21,18.15,18.34,17.90,17.98,627000,16.961524
2006-12-20,18.23,18.389999,18.129999,18.190001,442800,17.159629
2006-12-19,18.200001,18.34,18.09,18.27,217000,17.235098
2006-12-18,18.559999,18.66,18.200001,18.24,264700,17.206797
2006-12-15,18.60,18.790001,18.50,18.58,318300,17.527537
2006-12-14,18.42,19.049999,18.360001,18.549999,392700,17.499236
2006-12-13,18.799999,18.809999,18.280001,18.290001,278200,17.253965
2006-12-12,18.950001,18.959999,18.620001,18.66,140300,17.603006
2006-12-11,18.959999,19.219999,18.90,18.959999,106200,17.886012
2006-12-08,18.93,19.379999,18.76,19.049999,133900,17.970914
2006-12-07,19.08,19.190001,18.90,18.91,178600,17.838844
2006-12-06,19.17,19.27,19.049999,19.120001,228400,18.03695
2006-12-05,19.27,19.450001,19.200001,19.27,302900,18.178453
2006-12-04,19.41,19.540001,19.16,19.27,274500,18.178453
2006-12-01,18.90,19.49,18.90,19.42,684400,18.319956
2006-11-30,19.16,19.209999,18.879999,18.950001,433200,17.87658
2006-11-29,19.370001,19.58,18.99,19.24,365500,18.150152
2006-11-28,19.49,19.49,19.07,19.290001,351200,18.19732
2006-11-27,19.809999,19.959999,19.370001,19.469999,512900,18.367123
2006-11-24,19.99,20.00,19.790001,19.84,94400,18.716165
2006-11-22,20.23,20.290001,19.950001,20.049999,162000,18.914269
2006-11-21,20.48,20.549999,20.18,20.299999,68400,19.150107
2006-11-20,20.43,20.610001,20.129999,20.440001,236600,19.282178
2006-11-17,20.459999,20.50,20.16,20.49,117900,19.329345
2006-11-16,20.40,20.58,20.280001,20.469999,200800,19.310478
2006-11-15,20.48,20.690001,20.27,20.40,192200,19.244443
2006-11-14,20.360001,20.50,19.860001,20.50,283100,19.338779
2006-11-13,20.00,20.51,20.00,20.389999,289300,19.23501
2006-11-10,20.02,20.139999,19.799999,20.01,315700,18.876535
2006-11-09,20.17,20.17,19.83,20.02,540900,18.885969
2006-11-08,19.889999,20.09,19.74,20.059999,494500,18.923702
2006-11-07,19.219999,20.02,19.15,19.889999,629600,18.763332
2006-11-06,18.559999,19.110001,18.450001,19.08,549100,17.999215
2006-11-03,18.530001,18.66,17.889999,18.209999,577000,17.178495
2006-11-02,18.50,19.459999,18.50,18.52,753000,17.470937
2006-11-01,19.66,19.92,19.51,19.77,242200,18.65013
2006-10-31,19.42,19.76,19.219999,19.690001,316200,18.574662
2006-10-30,19.190001,19.469999,19.10,19.469999,145900,18.367123
2006-10-27,19.66,19.68,19.139999,19.190001,206800,18.102985
2006-10-26,19.620001,19.77,19.25,19.76,178200,18.640697
2006-10-25,19.77,20.280001,19.209999,19.59,252500,18.480326
2006-10-24,19.57,19.860001,19.43,19.700001,122600,18.584096
2006-10-23,19.23,19.91,19.08,19.67,257200,18.555795
2006-10-20,19.629999,19.74,18.950001,19.35,283900,18.253921
2006-10-19,19.379999,19.719999,19.379999,19.66,229600,18.546361
2006-10-18,19.450001,19.68,19.059999,19.34,156900,18.244487
2006-10-17,19.00,19.48,18.860001,19.41,224000,18.310522
2006-10-16,18.969999,19.18,18.870001,19.120001,225700,18.03695
2006-10-13,19.00,19.139999,18.780001,18.950001,267100,17.87658
2006-10-12,18.969999,19.25,18.83,19.00,342600,17.923747
2006-10-11,19.209999,19.33,18.75,18.889999,341500,17.819977
2006-10-10,19.58,19.629999,19.16,19.35,153000,18.253921
2006-10-09,19.790001,19.91,19.24,19.610001,100800,18.499194
2006-10-06,20.09,20.09,19.549999,19.879999,219100,18.753898
2006-10-05,19.65,20.139999,19.469999,20.09,213100,18.952004
2006-10-04,19.01,19.879999,18.91,19.610001,303000,18.499194
2006-10-03,18.889999,19.299999,18.709999,19.00,343400,17.923747
2006-10-02,18.870001,18.959999,18.75,18.870001,252200,17.801111
2006-09-29,18.889999,19.17,18.719999,18.82,258700,17.753942
2006-09-28,19.07,19.09,18.530001,18.83,319400,17.763376
2006-09-27,18.25,19.459999,18.200001,19.049999,824700,17.970914
2006-09-26,18.950001,19.01,18.209999,18.450001,996300,17.404902
2006-09-25,18.82,19.15,18.40,18.940001,417900,17.867146
2006-09-22,19.690001,19.690001,18.610001,18.76,715500,17.697342
2006-09-21,19.75,19.85,18.860001,19.110001,365500,18.027516
2006-09-20,19.48,20.10,19.48,19.709999,207800,18.593528
2006-09-19,19.790001,19.870001,18.969999,19.42,225100,18.319956
2006-09-18,19.870001,20.00,19.41,19.82,167400,18.697297
2006-09-15,20.00,20.07,19.299999,19.91,333600,18.7822
2006-09-14,19.85,19.93,19.23,19.879999,174900,18.753898
2006-09-13,19.65,20.120001,19.65,20.030001,358600,18.895403
2006-09-12,19.129999,20.059999,19.01,19.700001,378900,18.584096
2006-09-11,18.75,19.219999,18.370001,19.059999,658800,17.980347
2006-09-08,19.15,19.15,18.83,18.879999,225700,17.810543
2006-09-07,18.83,19.27,18.799999,19.08,155600,17.999215
2006-09-06,19.459999,19.459999,18.799999,18.969999,262600,17.895445
2006-09-05,19.879999,19.879999,19.389999,19.51,296200,18.404858
2006-09-01,19.889999,20.030001,19.530001,19.809999,189700,18.687864
2006-08-31,20.17,20.24,19.77,19.879999,148200,18.753898
2006-08-30,19.959999,20.389999,19.959999,20.110001,354100,18.970871
2006-08-29,20.219999,20.24,19.85,19.99,389200,18.857668
2006-08-28,20.059999,20.440001,19.92,20.209999,346000,19.065205
2006-08-25,20.32,20.40,19.959999,20.02,281400,18.885969
2006-08-24,20.17,20.559999,20.120001,20.43,311100,19.272745
2006-08-23,19.74,20.120001,19.690001,20.049999,144400,18.914269
2006-08-22,20.10,20.10,19.620001,19.700001,226100,18.584096
2006-08-21,19.93,20.18,19.379999,20.040001,202300,18.904837
2006-08-18,19.84,20.040001,19.51,20.030001,200800,18.895403
2006-08-17,19.74,20.23,19.389999,19.77,373200,18.65013
2006-08-16,18.82,20.34,18.700001,19.74,375200,18.621829
2006-08-15,18.360001,18.92,18.360001,18.620001,355500,17.565272
2006-08-14,18.110001,18.799999,18.110001,18.32,244700,17.282265
2006-08-11,18.49,18.549999,18.01,18.030001,193500,17.008693
2006-08-10,18.15,18.84,18.08,18.549999,559400,17.499236
2006-08-09,18.42,18.629999,17.959999,18.190001,221900,17.159629
2006-08-08,18.35,19.02,18.040001,18.190001,237900,17.159629
2006-08-07,18.18,18.450001,17.84,18.26,176400,17.225664
2006-08-04,18.40,18.719999,18.07,18.379999,373700,17.338866
2006-08-03,17.17,18.09,16.90,17.969999,366300,16.95209
2006-08-02,17.51,17.530001,17.02,17.25,624800,16.272875
2006-08-01,17.68,17.690001,17.00,17.40,329600,16.414378
2006-07-31,17.889999,18.08,17.610001,17.75,310700,16.744553
2006-07-28,18.07,18.49,17.780001,18.00,451600,16.980392
2006-07-27,18.99,19.00,17.52,18.030001,502700,17.008693
2006-07-26,18.25,18.43,17.610001,17.879999,298600,16.867188
2006-07-25,18.08,18.50,17.90,18.34,317700,17.301132
2006-07-24,18.01,18.24,17.65,18.040001,308800,17.018127
2006-07-21,18.43,18.43,17.74,17.84,258300,16.829455
2006-07-20,18.690001,18.719999,18.379999,18.50,145400,17.452069
2006-07-19,18.34,18.809999,18.299999,18.690001,225800,17.631307
2006-07-18,18.360001,18.75,17.99,18.43,310200,17.386034
2006-07-17,18.549999,18.84,18.200001,18.34,200700,17.301132
2006-07-14,18.959999,18.959999,18.530001,18.530001,342400,17.48037
2006-07-13,19.42,19.459999,18.959999,19.040001,211600,17.961482
2006-07-12,19.83,19.969999,19.33,19.469999,133400,18.367123
2006-07-11,19.690001,20.01,19.110001,19.82,124800,18.697297
2006-07-10,19.790001,20.01,19.51,19.76,134900,18.640697
2006-07-07,20.01,20.23,19.620001,19.790001,110700,18.668998
2006-07-06,20.34,20.76,19.85,20.040001,139100,18.904837
2006-07-05,20.93,21.08,20.16,20.360001,206200,19.20671
2006-07-03,20.389999,21.139999,20.34,21.129999,70300,19.933092
2006-06-30,21.00,21.190001,20.389999,20.42,590300,19.263311
2006-06-29,20.24,21.00,20.24,20.93,232400,19.744422
2006-06-28,20.08,20.35,19.559999,20.10,199900,18.961438
2006-06-27,20.049999,20.469999,20.02,20.10,217200,18.961438
2006-06-26,19.68,20.16,19.68,19.969999,106400,18.8388
2006-06-23,19.48,20.15,19.48,19.610001,249400,18.499194
2006-06-22,19.370001,19.879999,19.299999,19.60,178800,18.48976
2006-06-21,19.030001,19.76,18.98,19.35,213200,18.253921
2006-06-20,18.969999,19.290001,18.85,18.99,94200,17.914313
2006-06-19,19.200001,19.299999,18.52,18.879999,202700,17.810543
2006-06-16,19.540001,19.540001,18.809999,19.09,506400,18.008649
2006-06-15,19.73,20.50,19.07,19.530001,371400,18.423725
2006-06-14,18.360001,18.50,18.24,18.50,104300,17.452069
2006-06-13,18.84,19.139999,17.73,18.25,425900,17.21623
2006-06-12,19.33,19.379999,18.809999,18.84,89300,17.77281
2006-06-09,19.40,19.58,19.129999,19.24,127100,18.150152
2006-06-08,19.67,19.75,18.99,19.379999,119500,18.282221
2006-06-07,19.32,19.709999,19.120001,19.700001,458100,18.584096
2006-06-06,19.73,19.790001,19.26,19.360001,308300,18.263355
2006-06-05,20.17,20.200001,19.639999,19.68,176900,18.565228
2006-06-02,20.370001,20.85,20.15,20.24,237400,19.093507
2006-06-01,20.18,20.42,20.01,20.32,192300,19.168975
2006-05-31,20.16,20.35,19.870001,20.10,403600,18.961438
2006-05-30,20.33,20.440001,19.90,20.18,186600,19.036906
2006-05-26,20.860001,20.889999,20.41,20.48,285000,19.319912
2006-05-25,20.440001,20.90,20.190001,20.809999,221700,19.631219
2006-05-24,20.40,20.530001,18.879999,20.25,260300,19.10294
2006-05-23,20.17,20.629999,20.17,20.440001,253100,19.282178
2006-05-22,20.66,20.67,20.190001,20.290001,234900,19.140676
2006-05-19,20.91,21.08,20.26,20.66,524000,19.489716
2006-05-18,21.219999,21.42,20.950001,20.959999,195700,19.772722
2006-05-17,21.809999,22.059999,21.00,21.23,320100,20.027428
2006-05-16,22.440001,22.639999,21.870001,22.02,168800,20.772679
2006-05-15,21.870001,22.719999,21.66,22.49,253900,21.216056
2006-05-12,21.92,22.129999,21.65,21.98,123300,20.734944
2006-05-11,22.50,22.540001,21.809999,22.00,244500,20.753812
2006-05-10,22.00,22.49,21.77,22.34,121200,21.074553
2006-05-09,21.92,22.190001,21.75,22.08,195000,20.82928
2006-05-08,22.190001,22.190001,21.610001,22.01,316000,20.763246
2006-05-05,22.49,22.75,22.120001,22.280001,275600,21.017952
2006-05-04,21.459999,22.60,21.459999,22.360001,381600,21.09342
2006-05-03,22.25,22.25,21.40,21.51,800800,20.291568
2006-05-02,22.84,22.84,22.049999,22.309999,426400,21.046251
2006-05-01,23.459999,23.459999,22.690001,22.860001,166400,21.565098
2006-04-28,23.07,23.450001,22.77,23.35,148500,22.027342
2006-04-27,23.00,23.559999,22.77,23.18,174500,21.866971
2006-04-26,23.23,23.40,22.280001,23.129999,414300,21.819802
2006-04-25,23.50,24.49,22.50,23.23,726700,21.914138
2006-04-24,22.549999,22.799999,21.52,22.719999,435500,21.433027
2006-04-21,23.73,23.73,22.370001,22.629999,291700,21.348125
2006-04-20,23.60,23.610001,22.99,23.52,161800,22.187712
2006-04-19,23.49,23.67,23.09,23.66,206000,22.319781
2006-04-18,22.959999,23.60,22.709999,23.50,268900,22.168844
2006-04-17,23.24,23.540001,22.76,23.00,203500,21.697167
2006-04-13,23.32,23.50,23.129999,23.280001,177200,21.961307
2006-04-12,22.40,23.360001,22.26,23.32,210500,21.99904
2006-04-11,22.76,22.809999,22.290001,22.43,126800,21.159455
2006-04-10,22.879999,22.940001,22.50,22.799999,173800,21.508495
2006-04-07,23.07,23.25,22.77,22.93,122200,21.631132
2006-04-06,23.559999,23.559999,22.85,23.07,208600,21.763201
2006-04-05,23.83,24.049999,23.299999,23.50,150000,22.168844
2006-04-04,23.01,23.790001,22.90,23.77,163200,22.423551
2006-04-03,23.84,24.00,23.02,23.059999,135400,21.753768
2006-03-31,23.299999,24.440001,22.200001,23.809999,649500,22.461284
2006-03-30,24.25,24.610001,23.860001,24.00,411900,22.640522
2006-03-29,24.07,24.299999,23.59,24.18,197400,22.810326
2006-03-28,23.950001,24.190001,23.549999,24.040001,718700,22.678257
2006-03-27,23.01,23.959999,22.799999,23.90,706200,22.546186
2006-03-24,22.110001,23.00,21.969999,23.00,472700,21.697167
2006-03-23,21.90,22.09,21.67,22.049999,61700,20.800979
2006-03-22,21.75,22.040001,21.719999,21.969999,84400,20.725511
2006-03-21,21.809999,22.10,21.59,21.780001,115600,20.546274
2006-03-20,21.93,22.549999,21.52,21.860001,123900,20.621743
2006-03-17,21.66,21.98,21.65,21.84,145500,20.602875
2006-03-16,22.08,22.24,21.530001,21.58,93000,20.357603
2006-03-15,22.00,22.25,21.85,22.110001,385000,20.857581
2006-03-14,21.280001,22.299999,21.25,21.950001,428700,20.706645
2006-03-13,21.870001,21.91,21.25,21.360001,140100,20.150065
2006-03-10,21.57,21.959999,20.940001,21.76,113900,20.527407
2006-03-09,21.99,21.99,21.530001,21.629999,82700,20.40477
2006-03-08,21.85,22.10,21.59,21.959999,153900,20.716077
2006-03-07,21.549999,22.17,21.549999,21.90,223600,20.659476
2006-03-06,21.139999,21.719999,20.969999,21.66,184800,20.433071
2006-03-03,21.25,21.610001,21.08,21.17,122200,19.970827
2006-03-02,21.450001,21.629999,21.219999,21.35,104000,20.140631
2006-03-01,21.57,22.16,21.32,21.40,144200,20.187798
2006-02-28,21.780001,22.00,21.309999,21.52,148900,20.301002
2006-02-27,22.219999,22.290001,21.51,21.76,229100,20.527407
2006-02-24,22.17,22.280001,21.82,22.120001,203600,20.867015
2006-02-23,22.51,22.620001,22.08,22.110001,297100,20.857581
2006-02-22,22.50,22.85,21.77,22.32,769500,21.055685
2006-02-21,21.00,21.49,20.860001,21.35,320400,20.140631
2006-02-17,21.00,21.42,20.65,20.799999,397400,19.621785
2006-02-16,21.120001,21.27,20.24,20.93,864400,19.744422
2006-02-15,21.75,21.76,21.030001,21.18,356300,19.980261
2006-02-14,22.25,22.290001,21.66,21.90,204200,20.659476
2006-02-13,22.23,22.42,22.00,22.17,185000,20.914182
2006-02-10,22.450001,22.940001,21.809999,22.209999,328400,20.951916
2006-02-09,22.469999,23.40,22.200001,22.450001,432500,21.178322
2006-02-08,22.719999,22.719999,22.15,22.51,178700,21.234923
2006-02-07,22.26,22.719999,22.24,22.57,362400,21.291524
2006-02-06,22.219999,22.309999,21.85,22.25,346700,20.989651
2006-02-03,21.389999,22.889999,21.379999,22.32,562000,21.055685
2006-02-02,21.450001,21.60,21.23,21.459999,162400,20.244399
2006-02-01,20.959999,21.65,20.959999,21.58,247400,20.357603
2006-01-31,21.27,21.40,20.76,21.15,136300,19.95196
2006-01-30,21.26,21.67,21.200001,21.389999,195100,20.178365
2006-01-27,21.15,21.459999,20.73,21.370001,227700,20.159499
2006-01-26,20.200001,21.24,20.200001,21.139999,504300,19.942526
2006-01-25,20.09,20.290001,20.00,20.190001,216800,19.04634
2006-01-24,20.110001,20.379999,19.969999,20.10,206600,18.961438
2006-01-23,20.309999,20.450001,19.77,20.00,226200,18.867102
2006-01-20,20.52,20.68,20.219999,20.459999,125700,19.301044
2006-01-19,20.40,20.76,20.209999,20.66,504800,19.489716
2006-01-18,19.77,20.370001,19.77,20.00,276300,18.867102
2006-01-17,20.18,20.18,19.879999,20.049999,249800,18.914269
2006-01-13,20.18,20.639999,20.18,20.440001,210200,19.282178
2006-01-12,19.10,20.290001,19.10,20.25,485900,19.10294
2006-01-11,19.450001,19.469999,18.98,19.290001,204600,18.19732
2006-01-10,19.799999,19.92,18.870001,19.43,295300,18.32939
2006-01-09,20.01,20.290001,19.74,19.90,283800,18.772766
2006-01-06,19.77,20.35,19.65,20.10,424900,18.961438
2006-01-05,19.389999,19.90,18.950001,19.77,816200,18.65013
2006-01-04,17.709999,18.73,17.65,18.51,311300,17.461503
2006-01-03,18.200001,18.200001,17.50,17.709999,250700,16.706818
2005-12-30,17.92,18.18,17.85,18.09,263700,17.065294
2005-12-29,17.889999,18.200001,17.870001,18.00,102700,16.980392
2005-12-28,18.15,18.24,17.799999,18.030001,103900,17.008693
2005-12-27,18.23,18.40,18.139999,18.15,79400,17.121894
2005-12-23,18.49,18.540001,18.32,18.34,63300,17.301132
2005-12-22,18.15,18.49,18.15,18.43,78700,17.386034
2005-12-21,18.280001,18.290001,18.00,18.23,79200,17.197363
2005-12-20,18.209999,18.35,17.950001,18.129999,149900,17.103027
2005-12-19,18.52,18.52,17.90,18.209999,216900,17.178495
2005-12-16,18.98,19.040001,18.129999,18.60,442800,17.546405
2005-12-15,19.299999,19.50,18.75,18.85,284100,17.782244
2005-12-14,18.73,19.360001,18.620001,19.18,540800,18.093551
2005-12-13,18.15,18.860001,17.99,18.700001,408000,17.640741
2005-12-12,17.65,18.190001,17.65,18.030001,244000,17.008693
2005-12-09,17.50,18.040001,17.309999,17.84,257700,16.829455
2005-12-08,17.290001,17.51,17.18,17.51,121000,16.518148
2005-12-07,17.42,17.60,17.299999,17.379999,171600,16.395511
2005-12-06,17.299999,17.59,17.26,17.549999,151100,16.555881
2005-12-05,17.370001,17.540001,17.309999,17.360001,75400,16.376645
2005-12-02,17.370001,17.52,17.26,17.469999,157100,16.480413
2005-12-01,17.75,17.77,17.370001,17.469999,203200,16.480413
2005-11-30,17.98,17.98,17.51,17.68,200200,16.678518
2005-11-29,17.92,18.030001,17.67,17.85,69200,16.838889
2005-11-28,18.00,18.18,17.77,17.83,68900,16.820021
2005-11-25,18.25,18.25,17.870001,18.030001,94800,17.008693
2005-11-23,17.950001,18.379999,17.77,18.08,396300,17.05586
2005-11-22,17.59,18.139999,17.50,17.940001,385500,16.923791
2005-11-21,16.870001,17.50,16.77,17.450001,661800,16.461547
2005-11-18,16.77,16.82,16.52,16.629999,173600,15.687994
2005-11-17,16.549999,16.76,16.540001,16.690001,178300,15.744597
2005-11-16,16.709999,16.709999,16.370001,16.52,433600,15.584226
2005-11-15,17.10,17.35,16.299999,16.370001,1956400,15.442724
2005-11-14,18.10,18.10,17.639999,17.85,120200,16.838889
2005-11-11,17.450001,18.15,17.129999,17.99,205900,16.970958
2005-11-10,17.530001,17.690001,17.09,17.219999,122900,16.244574
2005-11-09,17.549999,17.58,17.120001,17.40,233900,16.414378
2005-11-08,17.90,17.969999,17.60,17.67,80500,16.669084
2005-11-07,18.15,18.280001,17.90,18.059999,63000,17.036992
2005-11-04,17.879999,18.299999,17.77,18.200001,291200,17.169063
2005-11-03,18.059999,18.27,17.709999,17.889999,72100,16.876622
2005-11-02,17.860001,18.15,17.84,18.110001,119800,17.084161
2005-11-01,17.52,17.969999,17.52,17.860001,125400,16.848322
2005-10-31,17.32,18.01,17.32,17.860001,99900,16.848322
2005-10-28,17.290001,17.629999,17.049999,17.35,162700,16.367211
2005-10-27,17.50,17.639999,17.25,17.299999,75800,16.320042
2005-10-26,17.75,18.00,17.549999,17.66,169600,16.659651
2005-10-25,18.049999,18.24,17.799999,17.92,152100,16.904923
2005-10-24,18.35,18.379999,18.190001,18.27,46000,17.235098
2005-10-21,18.17,18.50,18.17,18.33,144800,17.291699
2005-10-20,17.74,18.25,17.52,18.190001,331100,17.159629
2005-10-19,17.209999,17.75,17.07,17.559999,298900,16.565315
2005-10-18,17.780001,17.950001,17.440001,17.51,295500,16.518148
2005-10-17,17.809999,18.02,17.67,17.85,86900,16.838889
2005-10-14,17.639999,17.98,17.639999,17.91,145300,16.895489
2005-10-13,17.469999,17.99,17.41,17.75,172300,16.744553
2005-10-12,18.15,18.25,17.200001,17.469999,286300,16.480413
2005-10-11,18.280001,18.34,18.16,18.25,98000,17.21623
2005-10-10,18.33,18.379999,18.09,18.24,227400,17.206797
2005-10-07,17.90,18.35,17.90,18.15,210300,17.121894
2005-10-06,18.00,18.35,17.780001,18.00,419700,16.980392
2005-10-05,18.41,18.530001,17.969999,18.110001,349700,17.084161
2005-10-04,18.799999,19.08,18.200001,18.35,297900,17.310566
2005-10-03,18.299999,18.959999,18.190001,18.889999,268400,17.819977
2005-09-30,18.690001,18.92,18.290001,18.379999,1200900,17.338866
2005-09-29,18.07,18.65,17.950001,18.60,320400,17.546405
2005-09-28,18.17,18.440001,17.77,17.98,584500,16.961524
2005-09-27,17.48,17.700001,17.10,17.290001,162400,16.31061
2005-09-26,17.84,18.02,17.48,17.57,245600,16.574749
2005-09-23,17.049999,17.85,17.049999,17.67,179000,16.669084
2005-09-22,17.42,17.469999,16.59,17.23,963900,16.254008
2005-09-21,18.299999,18.299999,17.370001,17.549999,374900,16.555881
2005-09-20,18.98,18.98,18.15,18.25,473700,17.21623
2005-09-19,19.00,19.049999,18.25,18.440001,756100,17.395468
2005-09-16,18.25,18.940001,18.110001,18.76,864100,17.697342
2005-09-15,18.559999,18.559999,17.950001,18.030001,438200,17.008693
2005-09-14,18.84,18.84,18.209999,18.280001,227700,17.244532
2005-09-13,18.90,18.90,18.50,18.709999,243600,17.650173
2005-09-12,18.309999,18.90,18.24,18.700001,428300,17.640741
2005-09-09,18.379999,18.60,18.01,18.17,271400,17.140762
2005-09-08,18.799999,18.85,18.120001,18.370001,434700,17.329434
2005-09-07,18.809999,18.84,18.50,18.66,765400,17.603006
2005-09-06,18.129999,18.450001,18.00,18.24,604300,17.206797
2005-09-02,18.10,18.610001,17.60,17.82,504600,16.810587
2005-09-01,18.66,18.879999,17.35,17.77,1341000,16.76342
2005-08-31,19.709999,20.00,18.25,18.799999,1842100,17.735075
2005-08-30,20.82,20.82,19.809999,19.889999,668400,18.763332
2005-08-29,20.889999,20.90,20.25,20.75,248400,19.574618
2005-08-26,20.700001,20.92,20.02,20.92,522100,19.734988
2005-08-25,19.93,20.700001,19.60,20.530001,1941300,19.367081
2005-08-24,19.90,20.00,18.59,19.25,1320600,18.159585
2005-08-23,20.02,20.040001,19.700001,19.780001,421600,18.659564
2005-08-22,20.27,20.450001,19.870001,19.969999,188400,18.8388
2005-08-19,19.75,20.299999,19.75,20.059999,234600,18.923702
2005-08-18,20.00,20.10,19.370001,19.90,423500,18.772766
2005-08-17,20.83,20.83,19.530001,20.040001,362900,18.904837
2005-08-16,20.299999,21.01,19.85,20.35,483700,19.197276
2005-08-15,21.049999,21.15,20.07,20.67,790600,19.49915
2005-08-12,21.200001,21.32,20.75,20.99,471100,19.801023
2005-08-11,21.799999,22.00,20.700001,21.030001,1191100,19.838758
2005-08-10,21.24,22.450001,21.120001,21.360001,2121300,20.150065
2005-08-09,19.799999,23.059999,19.00,20.700001,11688000,19.527451
