2016-12-07,20.950001,21.190001,20.68,21.15,618800,21.15
2016-12-06,21.09,21.309999,20.709999,21.17,793900,21.17
2016-12-05,19.99,21.525,19.92,21.059999,2031000,21.059999
2016-12-02,20.35,21.459999,19.809999,21.17,2338400,21.17
2016-12-01,21.299999,21.43,19.77,20.83,2744400,20.83
2016-11-30,22.299999,22.41,21.25,21.290001,1343900,21.290001
2016-11-29,21.91,22.030001,21.48,21.65,1155100,21.65
2016-11-28,22.459999,22.50,21.92,21.950001,884400,21.950001
2016-11-25,22.40,22.620001,22.295,22.57,268500,22.57
2016-11-23,22.65,22.65,22.09,22.34,1074700,22.34
2016-11-22,22.90,23.209999,22.690001,22.700001,1373300,22.700001
2016-11-21,22.41,22.870001,22.27,22.82,1131400,22.82
2016-11-18,22.76,22.815001,22.049999,22.27,2185400,22.27
2016-11-17,22.83,23.01,22.584999,22.76,1817200,22.76
2016-11-16,22.93,23.17,22.57,22.719999,1230900,22.719999
2016-11-15,23.290001,23.440001,22.83,22.889999,1219000,22.889999
2016-11-14,24.809999,24.940001,23.360001,23.459999,740400,23.459999
2016-11-11,23.879999,24.700001,23.610001,24.559999,1500700,24.559999
2016-11-10,24.57,24.950001,23.440001,23.90,1634800,23.90
2016-11-09,24.17,25.24,23.940001,24.309999,1356200,24.309999
2016-11-08,24.780001,25.355,24.60,24.75,2570000,24.75
2016-11-07,23.639999,25.00,23.465,24.93,1927300,24.93
2016-11-04,23.049999,23.299999,22.74,22.91,1471000,22.91
2016-11-03,22.68,23.10,22.33,22.940001,1492200,22.940001
2016-11-02,23.360001,24.209999,22.01,22.709999,7145400,22.709999
2016-11-01,26.32,26.440001,25.620001,26.07,1353100,26.07
2016-10-31,25.959999,26.370001,25.809999,26.290001,896100,26.290001
2016-10-28,25.860001,26.639999,25.780001,25.940001,641200,25.940001
2016-10-27,26.18,26.309999,25.60,25.83,654000,25.83
2016-10-26,26.17,26.33,25.67,25.799999,754200,25.799999
2016-10-25,27.00,27.139999,26.379999,26.43,379100,26.43
2016-10-24,26.870001,27.360001,26.82,27.00,507700,27.00
2016-10-21,26.48,26.879999,26.48,26.700001,1366200,26.700001
2016-10-20,26.43,27.200001,26.43,26.84,768900,26.84
2016-10-19,26.719999,27.299999,26.50,26.76,1388200,26.76
2016-10-18,27.10,27.200001,26.10,26.219999,1159200,26.219999
2016-10-17,27.49,27.629999,26.629999,26.65,659700,26.65
2016-10-14,27.65,28.105,27.450001,27.59,649900,27.59
2016-10-13,27.469999,27.700001,26.809999,27.58,978200,27.58
2016-10-12,28.030001,28.290001,27.77,27.82,592800,27.82
2016-10-11,29.74,29.74,28.08,28.26,753200,28.26
2016-10-10,29.610001,30.40,29.610001,29.73,367900,29.73
2016-10-07,29.66,29.67,29.219999,29.52,415100,29.52
2016-10-06,30.35,30.440001,29.67,29.709999,600000,29.709999
2016-10-05,31.139999,31.139999,30.190001,30.35,420100,30.35
2016-10-04,31.10,31.16,30.629999,31.139999,623000,31.139999
2016-10-03,30.60,31.129999,30.530001,31.049999,512100,31.049999
2016-09-30,30.41,30.950001,30.190001,30.709999,942300,30.709999
2016-09-29,30.969999,31.09,30.34,30.34,379300,30.34
2016-09-28,30.50,31.00,30.379999,30.99,647400,30.99
2016-09-27,29.65,30.379999,29.42,30.370001,718400,30.370001
2016-09-26,29.67,29.809999,29.200001,29.620001,805500,29.620001
2016-09-23,30.73,30.860001,29.780001,29.82,620500,29.82
2016-09-22,30.98,31.00,30.389999,30.74,605700,30.74
2016-09-21,29.84,30.68,29.719999,30.65,684800,30.65
2016-09-20,29.940001,30.129999,29.379999,29.75,537600,29.75
2016-09-19,30.27,30.559,29.648001,29.84,557700,29.84
2016-09-16,29.790001,30.049999,29.65,30.00,1969300,30.00
2016-09-15,29.40,29.969999,29.40,29.92,623800,29.92
2016-09-14,29.280001,29.98,29.10,29.610001,391400,29.610001
2016-09-13,30.07,30.299999,29.24,29.389999,843600,29.389999
2016-09-12,29.700001,30.450001,29.530001,30.450001,679700,30.450001
2016-09-09,30.459999,30.60,29.889999,29.98,960900,29.98
2016-09-08,31.01,31.01,30.540001,30.860001,890100,30.860001
2016-09-07,31.50,31.65,31.16,31.17,493100,31.17
2016-09-06,31.42,31.875,31.32,31.51,1094600,31.51
2016-09-02,30.950001,31.41,30.68,31.41,577000,31.41
2016-09-01,30.389999,30.74,30.030001,30.73,1042100,30.73
2016-08-31,30.559999,30.73,30.195,30.540001,792300,30.540001
2016-08-30,31.190001,31.43,30.790001,30.870001,641700,30.870001
2016-08-29,31.15,31.33,30.93,31.24,500500,31.24
2016-08-26,31.24,31.24,30.721001,31.139999,643800,31.139999
2016-08-25,30.92,31.26,30.639999,31.200001,608200,31.200001
2016-08-24,31.10,31.360001,30.853001,30.950001,548100,30.950001
2016-08-23,31.139999,31.33,30.950001,31.200001,607500,31.200001
2016-08-22,30.32,31.10,30.32,30.870001,954500,30.870001
2016-08-19,30.00,30.60,29.860001,30.540001,839400,30.540001
2016-08-18,29.99,30.10,29.290001,30.10,1004200,30.10
2016-08-17,29.85,30.23,29.709999,30.049999,703400,30.049999
2016-08-16,30.23,30.23,29.75,29.959999,901300,29.959999
2016-08-15,30.459999,30.809999,30.200001,30.280001,608900,30.280001
2016-08-12,30.709999,30.907,30.299999,30.469999,581300,30.469999
2016-08-11,30.26,31.035,30.049999,30.790001,1045600,30.790001
2016-08-10,30.48,30.860001,29.764999,30.049999,1169700,30.049999
2016-08-09,30.67,31.389999,30.389999,30.950001,833200,30.950001
2016-08-08,30.110001,31.07,29.76,30.74,1533900,30.74
2016-08-05,28.42,30.139999,28.42,30.139999,1447800,30.139999
2016-08-04,28.389999,28.74,27.780001,28.27,1342300,28.27
2016-08-03,27.60,29.459999,26.799999,28.40,1913300,28.40
2016-08-02,30.35,30.351,28.719999,28.98,1369700,28.98
2016-08-01,30.440001,30.60,29.799999,30.030001,1045300,30.030001
2016-07-29,29.559999,30.309999,28.950001,30.24,1326900,30.24
2016-07-28,28.190001,29.76,28.18,29.620001,1011900,29.620001
2016-07-27,28.60,28.799999,28.01,28.049999,697800,28.049999
2016-07-26,27.969999,28.26,27.83,28.049999,543200,28.049999
2016-07-25,28.309999,28.33,27.879999,28.040001,978500,28.040001
2016-07-22,28.18,28.25,27.700001,28.16,1408200,28.16
2016-07-21,28.959999,29.040001,27.809999,28.07,737000,28.07
2016-07-20,28.24,29.18,28.24,28.98,886000,28.98
2016-07-19,28.459999,28.889999,28.07,28.219999,575400,28.219999
2016-07-18,28.879999,29.120001,28.709999,28.76,500300,28.76
2016-07-15,29.049999,29.17,28.610001,28.780001,616700,28.780001
2016-07-14,29.469999,29.59,28.709999,28.790001,1701700,28.790001
2016-07-13,29.299999,29.76,29.10,29.16,579000,29.16
2016-07-12,28.83,29.50,28.75,29.34,706500,29.34
2016-07-11,28.50,28.83,28.219999,28.58,528700,28.58
2016-07-08,27.25,28.23,27.25,28.18,1308000,28.18
2016-07-07,26.76,27.34,26.73,27.139999,911000,27.139999
2016-07-06,26.459999,27.17,26.32,26.620001,684400,26.620001
2016-07-05,26.50,26.67,26.291,26.60,423800,26.60
2016-07-01,26.35,27.030001,26.309999,26.799999,772200,26.799999
2016-06-30,26.139999,26.489,25.93,26.379999,981200,26.379999
2016-06-29,25.18,25.969999,24.98,25.92,673000,25.92
2016-06-28,24.610001,25.129999,24.51,24.91,915700,24.91
2016-06-27,25.50,25.50,23.65,24.280001,1485000,24.280001
2016-06-24,26.34,27.09,25.959999,26.00,4621000,26.00
2016-06-23,27.59,27.90,27.370001,27.90,1145000,27.90
2016-06-22,27.50,27.73,26.90,27.27,730000,27.27
2016-06-21,27.60,27.860001,27.379999,27.65,432000,27.65
2016-06-20,27.32,27.879999,27.129999,27.51,666900,27.51
2016-06-17,27.309999,27.309999,26.799999,27.01,964100,27.01
2016-06-16,27.280001,27.40,26.822001,27.190001,734400,27.190001
2016-06-15,27.129999,27.493,27.129999,27.389999,935200,27.389999
2016-06-14,26.969999,27.290001,26.84,27.190001,804000,27.190001
2016-06-13,26.870001,27.18,26.60,26.969999,1194500,26.969999
2016-06-10,26.700001,26.950001,26.379999,26.90,1056700,26.90
2016-06-09,27.42,27.66,26.985001,26.99,441000,26.99
2016-06-08,27.190001,28.00,27.16,27.74,1123500,27.74
2016-06-07,26.459999,27.25,26.40,27.23,1647600,27.23
2016-06-06,26.110001,26.370001,25.629999,26.370001,1028000,26.370001
2016-06-03,25.84,26.209999,25.42,26.17,871300,26.17
2016-06-02,25.52,26.049999,25.450001,25.889999,1400700,25.889999
2016-06-01,24.93,26.00,24.65,25.76,2990700,25.76
2016-05-31,24.40,24.549999,24.16,24.49,1057700,24.49
2016-05-27,24.299999,24.52,24.00,24.48,725000,24.48
2016-05-26,24.219999,24.610001,24.18,24.49,684200,24.49
2016-05-25,24.780001,24.889999,23.719999,24.190001,1006000,24.190001
2016-05-24,24.48,25.09,24.25,24.690001,1549700,24.690001
2016-05-23,24.299999,24.629999,24.129999,24.299999,520900,24.299999
2016-05-20,23.450001,24.370001,23.35,24.360001,726000,24.360001
2016-05-19,23.549999,24.059999,23.129999,23.32,664300,23.32
2016-05-18,22.99,23.90,22.969999,23.59,832900,23.59
2016-05-17,23.309999,23.73,22.879999,23.040001,1048000,23.040001
2016-05-16,23.370001,23.690001,23.245001,23.34,1017100,23.34
2016-05-13,23.50,23.82,23.290001,23.469999,587700,23.469999
2016-05-12,23.950001,24.17,23.17,23.66,816200,23.66
2016-05-11,23.84,24.639999,23.74,23.76,1015000,23.76
2016-05-10,24.00,24.110001,23.59,23.92,786500,23.92
2016-05-09,23.34,24.190001,23.245001,24.00,1172700,24.00
2016-05-06,22.99,23.540001,22.48,23.440001,1112400,23.440001
2016-05-05,23.73,23.83,22.75,23.129999,1177100,23.129999
2016-05-04,24.32,26.00,23.50,23.67,3534800,23.67
2016-05-03,23.16,23.50,22.629999,22.84,1218500,22.84
2016-05-02,22.790001,23.50,22.790001,23.50,977800,23.50
2016-04-29,22.76,23.030001,22.465,22.60,584400,22.60
2016-04-28,22.73,23.629999,22.559999,22.690001,903300,22.690001
2016-04-27,22.709999,23.040001,22.530001,22.76,578900,22.76
2016-04-26,22.950001,23.200001,22.74,22.92,544000,22.92
2016-04-25,23.200001,23.50,22.860001,22.91,480500,22.91
2016-04-22,23.450001,23.77,22.780001,23.18,843400,23.18
2016-04-21,22.91,23.65,22.775,23.49,1093600,23.49
2016-04-20,21.459999,22.690001,21.370001,22.629999,783900,22.629999
2016-04-19,22.00,22.219999,21.444,21.530001,431800,21.530001
2016-04-18,21.50,22.209999,21.43,21.99,367000,21.99
2016-04-15,21.139999,21.74,20.74,21.66,829500,21.66
2016-04-14,21.68,21.68,21.18,21.26,356300,21.26
2016-04-13,20.860001,21.77,20.75,21.74,533900,21.74
2016-04-12,20.98,20.98,20.26,20.66,544900,20.66
2016-04-11,20.780001,21.360001,20.700001,21.01,462800,21.01
2016-04-08,20.98,21.58,20.57,20.690001,728600,20.690001
2016-04-07,20.969999,21.059999,20.68,20.799999,453400,20.799999
2016-04-06,21.16,21.27,20.84,21.059999,358800,21.059999
2016-04-05,21.139999,21.309999,20.809999,21.10,354200,21.10
2016-04-04,20.99,22.00,20.889999,21.299999,745000,21.299999
2016-04-01,20.75,21.030001,20.42,21.00,837900,21.00
2016-03-31,20.68,20.950001,20.360001,20.93,932900,20.93
2016-03-30,20.559999,20.98,20.48,20.74,572000,20.74
2016-03-29,19.620001,20.559999,19.60,20.50,628100,20.50
2016-03-28,19.780001,19.860001,19.16,19.620001,576800,19.620001
2016-03-24,19.50,19.60,18.98,19.52,701100,19.52
2016-03-23,20.049999,20.049999,19.51,19.639999,753500,19.639999
2016-03-22,19.940001,20.545,19.82,20.139999,586100,20.139999
2016-03-21,20.00,20.200001,19.74,20.07,418700,20.07
2016-03-18,19.92,20.23,19.805,20.09,1028200,20.09
2016-03-17,19.459999,19.799999,19.059999,19.77,943900,19.77
2016-03-16,19.07,19.629999,18.93,19.530001,747900,19.530001
2016-03-15,19.85,19.870001,18.709999,19.15,1169300,19.15
2016-03-14,20.030001,20.209999,19.889999,20.059999,459700,20.059999
2016-03-11,20.120001,20.440001,19.92,20.09,906900,20.09
2016-03-10,20.49,20.809999,19.67,19.98,1099400,19.98
2016-03-09,19.969999,20.280001,19.790001,20.26,782200,20.26
2016-03-08,20.18,20.299999,19.75,20.01,836800,20.01
2016-03-07,19.66,20.34,19.50,20.25,1001400,20.25
2016-03-04,19.52,19.85,19.01,19.83,925900,19.83
2016-03-03,19.49,19.530001,18.955,19.459999,862300,19.459999
2016-03-02,19.299999,19.690001,19.00,19.360001,702500,19.360001
2016-03-01,18.620001,19.42,18.52,19.299999,1921400,19.299999
2016-02-29,18.50,18.792,18.299999,18.299999,1146400,18.299999
2016-02-26,18.42,18.85,18.16,18.549999,1094100,18.549999
2016-02-25,17.92,18.440001,17.436001,18.35,2083100,18.35
2016-02-24,17.209999,18.200001,17.00,18.18,940400,18.18
2016-02-23,17.719999,17.889999,17.375,17.49,1168000,17.49
2016-02-22,17.139999,17.860001,16.889999,17.790001,872100,17.790001
2016-02-19,16.959999,17.15,16.389999,17.110001,1500200,17.110001
2016-02-18,17.50,17.530001,16.639999,16.959999,1666200,16.959999
2016-02-17,16.389999,17.65,15.09,17.450001,3739400,17.450001
2016-02-16,16.040001,16.15,15.48,15.91,1623300,15.91
2016-02-12,15.51,15.91,15.28,15.83,1183100,15.83
2016-02-11,15.18,15.85,14.83,15.43,1390800,15.43
2016-02-10,14.93,16.00,14.88,15.49,1319300,15.49
2016-02-09,14.98,16.68,14.385,14.77,2540000,14.77
2016-02-08,16.030001,16.030001,14.55,15.01,2652800,15.01
2016-02-05,20.50,20.68,16.59,16.98,4055400,16.98
2016-02-04,21.40,21.75,20.700001,21.049999,634500,21.049999
2016-02-03,21.26,21.51,20.516001,21.440001,880900,21.440001
2016-02-02,21.83,22.08,21.10,21.23,1057200,21.23
2016-02-01,21.76,22.219999,21.34,22.030001,632000,22.030001
2016-01-29,21.309999,22.120001,21.275,22.01,847200,22.01
2016-01-28,21.59,21.851,20.75,21.26,885200,21.26
2016-01-27,22.09,22.219999,21.379999,21.719999,730200,21.719999
2016-01-26,22.51,22.620001,22.00,22.190001,615100,22.190001
2016-01-25,23.16,23.16,22.379999,22.48,624000,22.48
2016-01-22,23.74,23.870001,23.120001,23.23,514200,23.23
2016-01-21,23.17,24.49,23.17,23.41,906100,23.41
2016-01-20,22.200001,23.280001,21.030001,23.120001,1040800,23.120001
2016-01-19,23.27,23.32,22.094999,22.60,689900,22.60
2016-01-15,23.190001,23.42,22.32,23.10,993900,23.10
2016-01-14,23.42,24.32,22.60,23.940001,938200,23.940001
2016-01-13,24.129999,24.629999,22.940001,23.33,675400,23.33
2016-01-12,23.90,24.530001,23.65,24.129999,691900,24.129999
2016-01-11,23.77,23.83,23.219999,23.65,604500,23.65
2016-01-08,24.51,24.690001,23.52,23.66,791300,23.66
2016-01-07,24.99,25.01,24.040001,24.41,881000,24.41
2016-01-06,25.35,25.690001,25.025,25.309999,979300,25.309999
2016-01-05,26.00,26.280001,25.459999,25.68,854400,25.68
2016-01-04,25.969999,26.219999,25.040001,26.059999,996100,26.059999
2015-12-31,26.440001,26.799999,26.059999,26.440001,662500,26.440001
2015-12-30,26.530001,26.709999,26.219999,26.51,433700,26.51
2015-12-29,26.68,26.709999,26.32,26.629999,380300,26.629999
2015-12-28,26.42,26.67,26.32,26.58,505500,26.58
2015-12-24,26.469999,26.610001,26.219999,26.540001,257000,26.540001
2015-12-23,26.07,26.700001,25.99,26.49,579000,26.49
2015-12-22,25.719999,26.129999,25.57,26.00,404500,26.00
2015-12-21,25.52,25.83,25.24,25.66,518900,25.66
2015-12-18,25.950001,26.15,25.379999,25.40,1251600,25.40
2015-12-17,26.16,26.299999,25.799999,25.969999,491300,25.969999
2015-12-16,25.91,26.18,25.690001,26.10,741600,26.10
2015-12-15,26.07,26.10,25.290001,25.690001,1272200,25.690001
2015-12-14,26.530001,27.00,25.860001,26.129999,784000,26.129999
2015-12-11,27.120001,27.120001,26.15,26.58,945700,26.58
2015-12-10,27.01,27.389999,26.85,27.25,840700,27.25
2015-12-09,27.02,27.34,26.75,27.00,860000,27.00
2015-12-08,26.530001,27.280001,26.32,26.93,1084900,26.93
2015-12-07,27.25,27.530001,26.77,26.92,634100,26.92
2015-12-04,26.469999,27.540001,26.43,27.33,1257700,27.33
2015-12-03,26.790001,27.42,26.26,26.459999,1369600,26.459999
2015-12-02,25.82,26.870001,25.620001,26.65,1358700,26.65
2015-12-01,25.65,25.940001,25.40,25.82,665700,25.82
2015-11-30,25.620001,25.790001,25.280001,25.610001,526300,25.610001
2015-11-27,25.85,25.879999,25.450001,25.51,189900,25.51
2015-11-25,25.629999,25.940001,25.42,25.879999,573500,25.879999
2015-11-24,24.889999,25.709999,24.68,25.629999,779600,25.629999
2015-11-23,24.90,25.10,24.59,24.860001,766900,24.860001
2015-11-20,25.74,25.74,24.82,24.940001,726400,24.940001
2015-11-19,24.799999,26.07,24.50,25.73,2751100,25.73
2015-11-18,23.940001,24.90,23.65,24.90,1554800,24.90
2015-11-17,23.00,24.00,22.860001,23.98,1116400,23.98
2015-11-16,22.219999,23.122999,22.219999,22.98,583000,22.98
2015-11-13,23.33,23.33,22.629999,22.639999,504000,22.639999
2015-11-12,23.74,23.99,23.48,23.50,363600,23.50
2015-11-11,23.469999,24.049999,23.309999,23.99,1036800,23.99
2015-11-10,23.370001,23.50,23.030001,23.42,437300,23.42
2015-11-09,22.90,23.60,22.809999,23.379999,1014200,23.379999
2015-11-06,22.51,22.98,22.059999,22.959999,809400,22.959999
2015-11-05,22.48,23.16,22.48,22.68,1063000,22.68
2015-11-04,23.110001,24.16,22.67,22.889999,3656300,22.889999
2015-11-03,20.780001,21.184999,20.379999,21.059999,883000,21.059999
2015-11-02,20.190001,20.98,20.035,20.790001,578500,20.790001
2015-10-30,19.610001,20.25,19.40,20.120001,434700,20.120001
2015-10-29,19.59,19.84,19.360001,19.620001,541700,19.620001
2015-10-28,19.639999,19.77,19.309999,19.65,444400,19.65
2015-10-27,19.870001,19.959999,19.32,19.60,518300,19.60
2015-10-26,19.91,20.16,19.870001,19.93,440600,19.93
2015-10-23,19.90,20.02,19.32,19.889999,559700,19.889999
2015-10-22,19.23,19.780001,19.129999,19.76,427600,19.76
2015-10-21,20.280001,20.299999,19.10,19.15,536600,19.15
2015-10-20,20.280001,20.48,19.860001,20.24,299000,20.24
2015-10-19,20.389999,20.709999,20.030001,20.360001,226100,20.360001
2015-10-16,19.809999,20.48,19.809999,20.450001,481100,20.450001
2015-10-15,19.379999,19.780001,18.75,19.709999,602500,19.709999
2015-10-14,20.450001,20.450001,19.43,19.530001,661800,19.530001
2015-10-13,21.02,21.32,20.219999,20.290001,388900,20.290001
2015-10-12,20.58,21.07,20.370001,21.030001,491900,21.030001
2015-10-09,20.209999,20.68,19.99,20.66,524000,20.66
2015-10-08,20.15,20.33,19.84,20.139999,316600,20.139999
2015-10-07,20.200001,20.25,19.690001,20.200001,364000,20.200001
2015-10-06,20.309999,20.459999,19.83,20.059999,370800,20.059999
2015-10-05,20.93,20.99,20.02,20.40,531200,20.40
2015-10-02,19.92,20.809999,19.59,20.809999,424700,20.809999
2015-10-01,19.780001,20.299999,19.459999,20.120001,431700,20.120001
2015-09-30,19.82,19.841999,19.32,19.709999,438300,19.709999
2015-09-29,20.219999,20.290001,19.48,19.629999,352600,19.629999
2015-09-28,20.610001,20.719999,20.049999,20.219999,446100,20.219999
2015-09-25,21.33,21.370001,20.49,20.610001,395500,20.610001
2015-09-24,21.209999,21.370001,20.780001,21.280001,356200,21.280001
2015-09-23,21.549999,21.67,21.25,21.389999,179700,21.389999
2015-09-22,21.790001,21.84,21.26,21.459999,275900,21.459999
2015-09-21,21.67,21.84,21.379999,21.74,483100,21.74
2015-09-18,21.50,21.83,21.385,21.700001,896500,21.700001
2015-09-17,21.299999,21.83,21.120001,21.74,860800,21.74
2015-09-16,21.42,21.450001,20.92,21.26,775200,21.26
2015-09-15,21.60,21.790001,21.370001,21.389999,468900,21.389999
2015-09-14,21.68,21.75,21.120001,21.610001,402400,21.610001
2015-09-11,21.549999,21.76,21.33,21.74,514700,21.74
2015-09-10,21.309999,21.809999,21.17,21.360001,595000,21.360001
2015-09-09,21.42,21.42,20.549999,20.60,428900,20.60
2015-09-08,20.98,21.360001,20.889999,21.33,587000,21.33
2015-09-04,20.209999,21.110001,20.209999,20.75,497900,20.75
2015-09-03,20.27,20.440001,20.059999,20.389999,575300,20.389999
2015-09-02,20.200001,20.440001,20.10,20.290001,626800,20.290001
2015-09-01,20.10,20.615,20.08,20.200001,816600,20.200001
2015-08-31,20.290001,20.719999,20.24,20.68,500200,20.68
2015-08-28,20.309999,20.530001,20.160999,20.440001,293800,20.440001
2015-08-27,20.299999,20.450001,19.629999,20.43,692900,20.43
2015-08-26,20.120001,20.370001,19.724001,20.299999,525200,20.299999
2015-08-25,20.219999,20.309999,19.67,19.90,786000,19.90
2015-08-24,18.959999,20.365,17.93,19.76,1048800,19.76
2015-08-21,19.66,20.50,19.50,20.219999,824300,20.219999
2015-08-20,20.75,20.77,20.15,20.200001,706200,20.200001
2015-08-19,20.49,21.280001,20.35,21.110001,619400,21.110001
2015-08-18,20.549999,20.67,20.450001,20.59,286200,20.59
2015-08-17,20.32,20.74,20.16,20.58,440000,20.58
2015-08-14,20.200001,20.75,19.870001,20.68,966800,20.68
2015-08-13,20.74,20.74,20.040001,20.190001,422300,20.190001
2015-08-12,20.99,21.00,20.299999,20.889999,681500,20.889999
2015-08-11,21.65,21.915001,21.110001,21.23,804300,21.23
2015-08-10,22.07,22.356001,21.450001,21.84,832600,21.84
2015-08-07,22.219999,22.40,21.84,22.10,673400,22.10
2015-08-06,23.299999,23.406,22.25,22.41,957100,22.41
2015-08-05,21.67,23.57,21.57,23.24,4138800,23.24
2015-08-04,20.459999,20.74,20.139999,20.440001,816800,20.440001
2015-08-03,20.58,20.690001,20.120001,20.49,1214500,20.49
2015-07-31,19.99,20.809999,19.940001,20.629999,812100,20.629999
2015-07-30,20.43,20.475,19.92,19.98,1101800,19.98
2015-07-29,20.84,20.85,20.23,20.709999,301000,20.709999
2015-07-28,20.75,21.00,20.42,20.889999,365400,20.889999
2015-07-27,21.35,21.40,20.665001,20.73,376900,20.73
2015-07-24,21.52,21.809999,21.370001,21.48,435100,21.48
2015-07-23,21.65,21.77,21.27,21.440001,535600,21.440001
2015-07-22,21.540001,22.00,21.50,21.68,360700,21.68
2015-07-21,21.280001,21.790001,21.219999,21.57,431800,21.57
2015-07-20,21.41,21.629999,21.120001,21.35,296000,21.35
2015-07-17,21.83,21.969999,21.450001,21.450001,555300,21.450001
2015-07-16,21.559999,21.809999,21.440001,21.76,996100,21.76
2015-07-15,21.530001,21.65,21.379999,21.48,281800,21.48
2015-07-14,21.389999,21.799999,21.389999,21.459999,365300,21.459999
2015-07-13,21.49,21.636,20.92,21.50,598700,21.50
2015-07-10,21.25,21.530001,20.950001,21.440001,625200,21.440001
2015-07-09,21.07,21.379999,20.93,21.09,390200,21.09
2015-07-08,20.75,21.00,20.58,20.75,550800,20.75
2015-07-07,21.07,21.129999,20.00,21.01,559000,21.01
2015-07-06,21.32,21.40,20.940001,21.18,572000,21.18
2015-07-02,21.780001,21.780001,21.09,21.549999,459300,21.549999
2015-07-01,22.440001,22.440001,21.68,21.73,936000,21.73
2015-06-30,22.790001,22.790001,22.120001,22.209999,556600,22.209999
2015-06-29,23.559999,23.57,22.65,22.709999,765300,22.709999
2015-06-26,24.35,24.43,23.549999,23.65,3233500,23.65
2015-06-25,24.450001,24.459999,24.18,24.299999,528400,24.299999
2015-06-24,24.440001,24.66,24.190001,24.26,905500,24.26
2015-06-23,24.110001,24.68,24.059999,24.50,1040300,24.50
2015-06-22,24.120001,24.629999,24.01,24.209999,1225000,24.209999
2015-06-19,23.35,24.129999,23.26,24.08,1160300,24.08
2015-06-18,23.15,23.719999,22.959999,23.360001,1212400,23.360001
2015-06-17,23.98,24.00,23.459999,23.51,559600,23.51
2015-06-16,22.969999,23.92,22.969999,23.85,1476600,23.85
2015-06-15,22.709999,23.18,22.165001,22.950001,1725900,22.950001
2015-06-12,22.85,22.950001,22.68,22.889999,455400,22.889999
2015-06-11,22.92,22.98,22.549999,22.940001,540700,22.940001
2015-06-10,22.940001,23.15,22.43,22.85,1027900,22.85
2015-06-09,23.17,23.299999,22.745001,23.25,458200,23.25
2015-06-08,23.42,23.50,23.030001,23.24,733100,23.24
2015-06-05,22.85,23.42,22.66,23.42,756500,23.42
2015-06-04,22.629999,22.809999,22.51,22.76,248400,22.76
2015-06-03,22.459999,22.799999,22.309999,22.719999,677000,22.719999
2015-06-02,22.33,22.50,21.879999,22.32,887900,22.32
2015-06-01,23.10,23.200001,22.48,22.540001,363800,22.540001
2015-05-29,23.00,23.18,22.92,23.030001,549400,23.030001
2015-05-28,22.93,23.059999,22.73,23.030001,415400,23.030001
2015-05-27,22.639999,22.98,22.60,22.950001,490000,22.950001
2015-05-26,22.049999,22.915001,21.985001,22.780001,480600,22.780001
2015-05-22,22.67,22.870001,22.50,22.65,265500,22.65
2015-05-21,22.60,22.85,22.540001,22.700001,662200,22.700001
2015-05-20,21.75,22.700001,21.73,22.549999,659000,22.549999
2015-05-19,22.08,22.65,22.059999,22.57,565900,22.57
2015-05-18,21.40,22.139999,21.370001,22.10,732600,22.10
2015-05-15,22.52,22.73,22.07,22.290001,386100,22.290001
2015-05-14,22.629999,22.945,22.360001,22.59,477800,22.59
2015-05-13,22.190001,22.84,22.174999,22.58,549400,22.58
2015-05-12,22.690001,22.690001,21.700001,22.25,1142100,22.25
2015-05-11,23.00,23.60,22.93,23.219999,590400,23.219999
2015-05-08,23.00,23.60,22.950001,23.07,643000,23.07
2015-05-07,21.90,23.299999,21.90,22.98,526300,22.98
2015-05-06,22.700001,23.41,20.959999,21.93,1304800,21.93
2015-05-05,22.24,22.280001,20.278999,20.57,1416300,20.57
2015-05-04,22.549999,22.66,22.174999,22.309999,639800,22.309999
2015-05-01,23.129999,23.209999,22.530001,22.549999,331600,22.549999
2015-04-30,23.41,23.639999,22.83,23.059999,312400,23.059999
2015-04-29,23.24,23.92,22.99,23.51,321100,23.51
2015-04-28,22.969999,23.540001,22.695,23.32,355700,23.32
2015-04-27,23.469999,23.780001,23.09,23.23,307700,23.23
2015-04-24,23.83,23.85,23.379999,23.42,163100,23.42
2015-04-23,23.629999,24.01,23.50,23.82,698200,23.82
2015-04-22,23.870001,23.870001,23.549999,23.610001,104100,23.610001
2015-04-21,23.52,23.92,23.450001,23.799999,267500,23.799999
2015-04-20,23.450001,23.60,23.34,23.440001,399300,23.440001
2015-04-17,23.48,23.60,23.110001,23.389999,455200,23.389999
2015-04-16,23.16,23.959999,22.84,23.879999,304000,23.879999
2015-04-15,22.50,23.200001,22.34,23.16,481500,23.16
2015-04-14,22.709999,22.99,22.299999,22.48,344000,22.48
2015-04-13,22.709999,22.99,22.639999,22.700001,293300,22.700001
2015-04-10,22.73,23.00,22.700001,22.77,185900,22.77
2015-04-09,22.66,22.865999,22.50,22.77,262300,22.77
2015-04-08,23.059999,23.360001,22.41,22.639999,551700,22.639999
2015-04-07,22.60,22.860001,22.40,22.50,357200,22.50
2015-04-06,22.299999,22.58,22.23,22.549999,281700,22.549999
2015-04-02,22.540001,22.76,22.40,22.52,426500,22.52
2015-04-01,22.67,22.719999,22.40,22.57,343600,22.57
2015-03-31,22.77,22.93,22.450001,22.690001,643500,22.690001
2015-03-30,22.370001,22.870001,22.24,22.83,659600,22.83
2015-03-27,22.50,22.940001,22.030001,22.219999,1450500,22.219999
2015-03-26,22.25,22.545,22.190001,22.42,451600,22.42
2015-03-25,22.82,23.00,22.16,22.309999,848200,22.309999
2015-03-24,23.030001,23.209999,22.690001,22.709999,520400,22.709999
2015-03-23,22.10,23.059999,21.66,22.98,1452800,22.98
2015-03-20,23.42,23.50,22.17,22.17,1336400,22.17
2015-03-19,23.860001,23.91,22.75,23.41,4797200,23.41
2015-03-18,21.99,23.620001,21.790001,23.299999,565700,23.299999
2015-03-17,22.49,22.60,21.74,22.16,500500,22.16
2015-03-16,22.719999,22.790001,22.23,22.690001,278300,22.690001
2015-03-13,22.60,22.76,22.379999,22.540001,371900,22.540001
2015-03-12,22.50,22.91,22.17,22.620001,451300,22.620001
2015-03-11,22.41,22.780001,21.700001,22.60,483900,22.60
2015-03-10,22.299999,22.530001,21.27,22.200001,787800,22.200001
2015-03-09,23.049999,23.129999,22.559999,23.00,453100,23.00
2015-03-06,23.200001,23.450001,22.75,23.01,373300,23.01
2015-03-05,23.16,23.559999,22.98,23.43,172600,23.43
2015-03-04,22.549999,23.49,22.325001,23.059999,413900,23.059999
2015-03-03,23.93,24.02,22.52,22.59,359800,22.59
2015-03-02,24.719999,24.73,23.959999,24.110001,476500,24.110001
2015-02-27,24.50,24.719999,24.299999,24.719999,516100,24.719999
2015-02-26,24.379999,24.629999,24.129999,24.629999,307800,24.629999
2015-02-25,24.129999,24.42,23.896,24.42,345100,24.42
2015-02-24,24.07,24.26,23.805,24.120001,232800,24.120001
2015-02-23,24.190001,24.26,23.785,24.08,418400,24.08
2015-02-20,24.10,24.379999,23.809999,24.26,323900,24.26
2015-02-19,23.559999,24.209999,22.735001,24.10,606300,24.10
2015-02-18,24.16,24.16,23.08,23.76,523600,23.76
2015-02-17,24.91,25.219999,24.059999,24.26,576100,24.26
2015-02-13,24.08,25.42,23.73,25.379999,574800,25.379999
2015-02-12,25.959999,26.35,22.24,24.360001,1620300,24.360001
2015-02-11,25.98,26.370001,24.93,25.389999,705100,25.389999
2015-02-10,25.469999,25.93,24.92,25.82,406400,25.82
2015-02-09,25.969999,25.969999,24.809999,25.389999,595300,25.389999
2015-02-06,24.83,26.08,24.790001,26.08,396200,26.08
2015-02-05,23.809999,24.889999,23.719999,24.77,184200,24.77
2015-02-04,23.299999,23.99,23.129999,23.99,104000,23.99
2015-02-03,23.42,23.700001,23.075001,23.48,191200,23.48
2015-02-02,24.299999,24.299999,22.84,23.450001,367400,23.450001
2015-01-30,24.91,25.15,24.10,24.190001,164600,24.190001
2015-01-29,24.10,25.059999,23.90,25.030001,210900,25.030001
2015-01-28,24.469999,24.74,23.889999,24.049999,228900,24.049999
2015-01-27,24.08,25.120001,23.799999,24.370001,356200,24.370001
2015-01-26,25.629999,25.799999,24.00,24.459999,635600,24.459999
2015-01-23,24.809999,26.00,24.41,25.92,387900,25.92
2015-01-22,24.549999,24.92,24.049999,24.75,148100,24.75
2015-01-21,24.17,24.639999,24.00,24.360001,148900,24.360001
2015-01-20,24.709999,24.719999,23.68,24.23,444800,24.23
2015-01-16,24.50,24.75,24.48,24.58,153100,24.58
2015-01-15,25.00,25.10,24.219999,24.52,341000,24.52
2015-01-14,24.59,25.00,24.440001,24.950001,105500,24.950001
2015-01-13,24.709999,25.49,24.459999,24.84,333700,24.84
2015-01-12,25.139999,25.40,24.125,24.58,409600,24.58
2015-01-09,24.99,25.360001,24.75,25.15,394900,25.15
2015-01-08,24.690001,25.67,24.42,25.00,760000,25.00
2015-01-07,24.75,24.99,24.305,24.52,225800,24.52
2015-01-06,24.209999,24.672001,23.799999,24.52,331600,24.52
2015-01-05,24.370001,24.50,23.309999,24.059999,374500,24.059999
2015-01-02,24.43,24.77,24.110001,24.57,304100,24.57
2014-12-31,24.50,24.65,24.256001,24.370001,245900,24.370001
2014-12-30,24.00,24.827999,24.00,24.41,273300,24.41
2014-12-29,25.01,25.02,23.90,24.09,436600,24.09
2014-12-26,25.00,25.02,24.860001,25.00,281200,25.00
2014-12-24,25.00,25.00,24.700001,24.83,561300,24.83
2014-12-23,24.68,25.00,24.50,24.549999,289200,24.549999
2014-12-22,24.700001,24.77,24.280001,24.60,679300,24.60
2014-12-19,24.52,24.91,24.52,24.629999,1077900,24.629999
2014-12-18,24.83,24.90,24.34,24.540001,633000,24.540001
2014-12-17,23.200001,24.75,23.200001,24.57,869100,24.57
2014-12-16,22.129999,24.040001,22.10,23.35,748800,23.35
2014-12-15,23.290001,23.290001,22.41,22.60,1240700,22.60
2014-12-12,23.440001,24.16,23.24,23.389999,474700,23.389999
2014-12-11,23.91,24.700001,23.620001,23.83,395500,23.83
2014-12-10,24.24,24.700001,23.761,23.93,639400,23.93
2014-12-09,23.10,24.68,22.879999,24.67,557400,24.67
2014-12-08,23.459999,23.959999,22.98,23.780001,936100,23.780001
2014-12-05,23.75,24.35,23.65,23.889999,405200,23.889999
2014-12-04,23.59,23.93,23.35,23.74,291000,23.74
2014-12-03,23.33,23.799999,23.299999,23.65,615000,23.65
2014-12-02,22.48,23.67,22.059999,23.33,502800,23.33
2014-12-01,23.01,23.385,22.639999,22.68,945400,22.68
2014-11-28,23.690001,24.00,23.280001,23.76,125600,23.76
2014-11-26,23.629999,23.73,23.02,23.57,397800,23.57
2014-11-25,24.280001,24.74,23.610001,23.700001,800800,23.700001
2014-11-24,24.01,24.450001,23.540001,24.379999,727200,24.379999
2014-11-21,25.00,25.049999,23.906,24.379999,642800,24.379999
2014-11-20,24.08,25.00,23.889999,24.90,779000,24.90
2014-11-19,24.200001,24.870001,24.200001,24.43,510100,24.43
2014-11-18,23.82,24.50,23.68,24.290001,417200,24.290001
2014-11-17,23.889999,24.790001,23.860001,24.08,990200,24.08
2014-11-14,24.870001,25.370001,24.450001,25.049999,648700,25.049999
2014-11-13,24.99,25.559999,24.42,24.82,611700,24.82
2014-11-12,23.00,25.15,23.00,25.059999,741000,25.059999
2014-11-11,23.709999,24.24,22.809999,23.34,1788500,23.34
2014-11-10,24.50,25.51,24.030001,24.23,523600,24.23
2014-11-07,25.290001,25.950001,24.219999,24.65,595700,24.65
2014-11-06,24.82,25.40,24.32,25.219999,427600,25.219999
2014-11-05,26.66,26.98,24.459999,24.959999,485000,24.959999
2014-11-04,26.299999,27.370001,26.225,26.709999,545300,26.709999
2014-11-03,25.889999,27.34,25.60,26.40,478500,26.40
2014-10-31,25.34,28.200001,24.620001,26.00,1548900,26.00
2014-10-30,22.219999,23.76,21.50,23.23,459100,23.23
2014-10-29,22.709999,22.870001,21.73,22.26,172200,22.26
2014-10-28,21.41,22.58,21.209999,22.530001,228900,22.530001
2014-10-27,20.99,21.799999,20.50,21.24,196000,21.24
2014-10-24,20.25,21.200001,20.09,21.09,281100,21.09
2014-10-23,20.370001,20.40,19.90,20.25,264900,20.25
2014-10-22,21.360001,21.41,20.040001,20.07,228000,20.07
2014-10-21,21.24,21.389999,20.700001,21.299999,129600,21.299999
2014-10-20,21.83,22.110001,21.09,21.17,229700,21.17
2014-10-17,22.67,22.75,21.68,22.08,215400,22.08
2014-10-16,21.50,22.940001,21.50,22.33,391700,22.33
2014-10-15,20.18,21.860001,19.870001,21.76,404700,21.76
2014-10-14,20.110001,21.799999,20.030001,20.620001,478100,20.620001
2014-10-13,20.57,20.66,19.389999,19.940001,462100,19.940001
2014-10-10,22.309999,22.50,20.50,20.52,319700,20.52
2014-10-09,23.15,23.15,22.030001,22.32,171800,22.32
2014-10-08,23.610001,23.77,22.76,23.15,263900,23.15
2014-10-07,24.10,24.309999,23.299999,23.610001,192600,23.610001
2014-10-06,25.700001,25.700001,24.17,24.32,854300,24.32
2014-10-03,22.15,25.85,22.15,25.549999,589700,25.549999
2014-10-02,21.49,21.90,21.08,21.85,267400,21.85
2014-10-01,21.51,22.07,21.01,21.549999,224100,21.549999
2014-09-30,21.959999,22.07,21.183001,21.59,161400,21.59
2014-09-29,21.57,22.59,21.57,21.889999,133800,21.889999
2014-09-26,21.790001,22.15,21.549999,21.90,92300,21.90
2014-09-25,21.76,22.219999,21.450001,21.77,120400,21.77
2014-09-24,21.32,21.90,20.829,21.75,97600,21.75
2014-09-23,21.74,21.969999,21.061001,21.34,118200,21.34
2014-09-22,22.530001,22.74,21.41,21.799999,290300,21.799999
2014-09-19,23.08,23.799999,22.01,22.65,846400,22.65
2014-09-18,22.83,24.129999,22.76,23.07,379900,23.07
2014-09-17,21.52,23.190001,21.469999,22.790001,310500,22.790001
2014-09-16,21.860001,22.221001,21.58,21.77,241200,21.77
2014-09-15,23.42,23.42,21.860001,22.059999,211200,22.059999
2014-09-12,24.41,24.41,23.450001,23.50,228200,23.50
2014-09-11,24.190001,24.75,24.132,24.40,157900,24.40
2014-09-10,24.10,24.809999,23.790001,24.34,219100,24.34
2014-09-09,24.620001,24.82,24.070999,24.25,136500,24.25
2014-09-08,24.67,25.450001,23.66,24.23,273100,24.23
2014-09-05,24.879999,25.25,23.870001,24.67,140400,24.67
2014-09-04,27.02,27.379999,24.75,24.889999,233600,24.889999
2014-09-03,27.709999,27.799999,26.85,26.98,199900,26.98
2014-09-02,27.68,28.049999,27.33,27.74,143800,27.74
2014-08-29,27.25,27.299999,26.530001,27.190001,150800,27.190001
2014-08-28,26.719999,27.16,26.030001,27.07,116700,27.07
2014-08-27,26.66,27.959999,26.41,26.719999,142300,26.719999
2014-08-26,25.290001,27.304001,25.290001,26.280001,320000,26.280001
2014-08-25,24.969999,25.280001,24.76,25.209999,48900,25.209999
2014-08-22,24.889999,25.07,24.52,24.940001,108200,24.940001
2014-08-21,24.90,25.09,24.719999,24.98,46700,24.98
2014-08-20,25.08,25.219999,24.530001,25.01,145500,25.01
2014-08-19,24.610001,25.440001,24.299999,25.200001,192700,25.200001
2014-08-18,24.25,24.334999,23.77,24.25,115900,24.25
2014-08-15,23.33,24.01,22.634001,23.98,209400,23.98
2014-08-14,23.27,24.440001,23.226999,23.34,237500,23.34
2014-08-13,22.90,23.459999,22.809999,23.32,127600,23.32
2014-08-12,23.040001,23.440001,22.209999,22.700001,200800,22.700001
2014-08-11,21.389999,23.58,21.35,22.92,331800,22.92
2014-08-08,19.49,21.450001,19.370001,21.290001,277000,21.290001
2014-08-07,19.42,19.780001,19.110001,19.42,199600,19.42
2014-08-06,19.200001,20.50,18.84,19.18,1180700,19.18
2014-08-05,17.709999,18.33,17.52,17.969999,397600,17.969999
2014-08-04,17.58,17.736,17.309999,17.50,142600,17.50
2014-08-01,17.360001,17.629999,17.299999,17.549999,128600,17.549999
2014-07-31,17.629999,17.879999,17.040001,17.389999,102600,17.389999
2014-07-30,17.389999,18.00,17.299999,17.77,136500,17.77
2014-07-29,17.389999,17.530001,17.09,17.25,167400,17.25
2014-07-28,17.00,17.450001,16.799999,17.25,324500,17.25
2014-07-25,17.35,17.690001,16.85,17.049999,281100,17.049999
2014-07-24,17.40,17.74,17.261999,17.49,164200,17.49
2014-07-23,17.360001,17.639999,17.200001,17.40,79800,17.40
2014-07-22,17.33,17.879999,17.00,17.26,133200,17.26
2014-07-21,17.620001,17.879999,17.190001,17.32,164900,17.32
2014-07-18,17.139999,17.77,17.139999,17.639999,253100,17.639999
2014-07-17,17.16,17.74,17.049999,17.139999,249500,17.139999
2014-07-16,17.01,17.389999,16.82,17.15,227700,17.15
2014-07-15,16.51,17.190001,16.33,17.059999,168400,17.059999
2014-07-14,16.040001,16.59,16.040001,16.48,106200,16.48
2014-07-11,16.049999,16.079,15.65,15.94,184900,15.94
2014-07-10,15.81,16.34,15.50,16.08,232300,16.08
2014-07-09,16.48,16.48,15.71,16.049999,157400,16.049999
2014-07-08,15.85,16.469999,15.545,16.379999,202600,16.379999
2014-07-07,16.51,16.51,15.50,15.79,235600,15.79
2014-07-03,16.43,16.709999,16.16,16.51,88100,16.51
2014-07-02,17.370001,17.370001,16.309999,16.43,193600,16.43
2014-07-01,17.40,17.50,17.00,17.299999,152800,17.299999
2014-06-30,17.27,17.60,16.34,17.379999,284000,17.379999
2014-06-27,17.67,18.40,17.16,17.16,1136800,17.16
2014-06-26,17.90,18.00,17.57,17.68,77100,17.68
2014-06-25,17.93,18.02,17.50,17.940001,99800,17.940001
2014-06-24,17.809999,18.025,17.530001,17.809999,106300,17.809999
2014-06-23,17.49,18.40,17.209999,17.99,135300,17.99
2014-06-20,18.10,18.290001,16.969999,17.559999,324900,17.559999
2014-06-19,17.530001,18.01,17.52,18.00,221900,18.00
2014-06-18,17.74,18.110001,17.309999,17.610001,142600,17.610001
2014-06-17,17.370001,18.00,17.24,17.700001,88600,17.700001
2014-06-16,16.690001,18.25,16.190001,17.24,271600,17.24
2014-06-13,18.049999,18.09,16.00,16.75,426200,16.75
2014-06-12,18.440001,18.440001,17.34,17.889999,231600,17.889999
2014-06-11,16.389999,18.75,16.23,18.49,419000,18.49
2014-06-10,17.440001,18.120001,16.50,16.50,244300,16.50
2014-06-09,15.24,17.57,14.76,17.32,438400,17.32
2014-06-06,15.35,15.59,15.00,15.39,223100,15.39
2014-06-05,15.30,15.62,14.73,15.22,174400,15.22
2014-06-04,15.09,15.51,14.31,15.30,180100,15.30
2014-06-03,15.06,16.00,14.77,15.06,293800,15.06
2014-06-02,15.95,15.96,14.17,15.00,346100,15.00
2014-05-30,17.85,17.90,15.83,15.98,219200,15.98
2014-05-29,17.50,18.059,17.290001,17.49,272100,17.49
2014-05-28,16.290001,18.450001,16.17,17.379999,501200,17.379999
2014-05-27,16.50,16.700001,15.92,16.10,115700,16.10
2014-05-23,16.459999,16.459999,14.80,16.360001,942200,16.360001
2014-05-22,17.299999,17.299999,15.95,16.15,1321100,16.15
2014-05-21,17.200001,17.33,16.299999,17.190001,386800,17.190001
2014-05-20,16.75,18.17,15.67,16.950001,877700,16.950001
2014-05-19,16.00,17.940001,15.99,16.50,1529200,16.50
2014-05-16,13.60,15.75,13.44,15.25,1867700,15.25
2014-05-15,11.40,13.92,11.06,13.43,8421300,13.43
